1662
1695
1731
1774
1824
1875
1924
1967
2004
2039
2061
2078
2094
2095
2089
2079
2062
2038
2007
1983
1956
1934
1904
1880
1856
1835
1807
1789
1772
1753
1733
1727
1721
1719
1714
1723
1727
1725
1721
1728
1732
1734
1740
1754
1771
1798
1846
1907
1994
2101
2231
2379
2535
2696
2848
2997
3126
3235
3317
3376
3396
3382
3338
3282
3206
3114
3002
2884
2758
2635
2508
2394
2282
2166
2059
1974
1893
1820
1758
1719
1695
1668
1660
1672
1693
1716
1742
1787
1827
1864
1902
1947
1988
2022
2049
2072
2088
2088
2084
2085
2069
2046
2022
2002
1972
1940
1905
1879
1850
1812
1781
1758
1738
1714
1700
1690
1696
1689
1685
1686
1686
1681
1677
1687
1687
1687
1689
1701
1710
1730
1768
1831
1910
2013
2140
2294
2458
2633
2804
2977
3134
3262
3365
3444
3481
3492
3472
3429
3357
3251
3146
3028
2897
2757
2623
2493
2366
2238
2129
2037
1948
1871
1806
1753
1709
1674
1662
1659
1666
1676
1702
1741
1775
1813
1860
1904
1945
1979
2013
2038
2057
2060
2065
2062
2058
2040
2025
2009
1983
1951
1924
1889
1854
1816
1790
1767
1740
1707
1694
1679
1665
1656
1652
1652
1646
1638
1643
1639
1643
1644
1657
1666
1677
1691
1718
1760
1816
1898
1995
2130
2278
2442
2628
2806
2984
3130
3266
3369
3445
3477
3489
3471
3424
3337
3235
3119
2984
2850
2716
2583
2439
2305
2181
2066
1955
1864
1788
1719
1655
1606
1588
1570
1574
1585
1619
1641
1681
1723
1777
1821
1868
1915
1961
1995
2018
2034
2046
2046
2035
2028
2007
1989
1957
1932
1903
1881
1846
1816
1790
1764
1732
1709
1688
1676
1657
1645
1641
1634
1631
1627
1629
1628
1623
1625
1635
1637
1638
1646
1661
1676
1692
1727
1789
1876
1985
2122
2282
2457
2625
2817
2992
3151
3276
3376
3439
3469
3457
3421
3362
3274
3162
3032
2907
2762
2626
2490
2367
2236
2110
2005
1912
1823
1746
1688
1652
1614
1590
1584
1595
1607
1628
1671
1714
1759
1808
1865
1913
1955
1990
2024
2041
2050
2051
2050
2044
2028
1998
1967
1944
1902
1863
1829
1798
1758
1719
1695
1670
1653
1634
1628
1617
1609
1601
1602
1603
1610
1605
1622
1629
1637
1638
1653
1665
1676
1693
1721
1753
1804
1873
1975
2103
2248
2407
2591
2779
2956
3124
3276
3408
3504
3564
3590
3592
3548
3481
3392
3276
3145
3001
2860
2713
2565
2421
2297
2177
2060
1948
1870
1789
1722
1670
1641
1624
1618
1625
1653
1692
1733
1781
1838
1892
1939
1983
2029
2063
2090
2106
2118
2115
2098
2075
2056
2021
1984
1946
1917
1880
1844
1803
1778
1747
1713
1682
1661
1634
1616
1601
1593
1582
1577
1577
1582
1587
1585
1592
1602
1607
1607
1617
1624
1635
1644
1657
1681
1718
1765
1841
1945
2072
2218
2389
2567
2756
2936
3102
3243
3361
3433
3468
3474
3441
3378
3281
3178
3052
2906
2756
2609
2459
2312
2175
2051
1932
1819
1724
1646
1585
1533
1494
1474
1470
1461
1481
1517
1559
1598
1649
1712
1768
1821
1864
1913
1952
1976
1996
2010
2011
2006
1991
1976
1949
1907
1872
1837
1799
1754
1722
1691
1656
1625
1600
1584
1569
1552
1540
1540
1540
1533
1539
1542
1550
1555
1562
1573
1583
1586
1595
1611
1626
1632
1646
1669
1705
1745
1812
1904
2016
2148
2304
2466
2637
2797
2947
3079
3183
3252
3291
3308
3285
3223
3146
3048
2931
2798
2661
2526
2392
2253
2118
2007
1897
1794
1705
1635
1572
1517
1485
1471
1471
1478
1505
1548
1599
1647
1707
1776
1837
1889
1940
1989
2021
2039
2060
2068
2065
2054
2040
2021
1991
1960
1928
1899
1862
1818
1783
1757
1723
1689
1662
1646
1626
1604
1596
1596
1588
1581
1585
1593
1594
1588
1600
1606
1615
1625
1638
1653
1669
1689
1728
1786
1864
1958
2085
2236
2395
2557
2724
2881
3016
3122
3211
3264
3277
3261
3222
3152
3063
2954
2834
2704
2564
2426
2288
2155
2023
1899
1796
1704
1631
1557
1513
1486
1469
1460
1483
1511
1543
1589
1643
1700
1752
1808
1865
1915
1950
1986
2014
2030
2033
2032
2026
2011
1989
1958
1938
1903
1867
1831
1809
1779
1749
1723
1703
1688
1665
1647
1643
1637
1632
1612
1619
1616
1613
1615
1628
1638
1636
1636
1646
1658
1663
1672
1699
1736
1787
1869
1977
2105
2251
2418
2601
2785
2956
3113
3255
3358
3431
3465
3473
3442
3376
3288
3187
3066
2925
2783
2646
2507
2365
2230
2113
1989
1878
1785
1708
1644
1583
1549
1533
1530
1530
1553
1588
1629
1678
1734
1789
1845
1892
1939
1988
2025
2047
2060
2068
2062
2047
2024
2005
1977
1942
1899
1867
1831
1795
1762
1734
1708
1675
1648
1640
1616
1602
1601
1597
1591
1582
1583
1585
1585
1589
1601
1615
1620
1625
1641
1659
1677
1702
1748
1811
1894
2003
2140
2301
2482
2665
2853
3036
3182
3313
3415
3485
3506
3496
3460
3392
3298
3177
3052
2911
2754
2598
2454
2315
2180
2053
1947
1845
1757
1679
1626
1586
1554
1549
1554
1584
1606
1646
1701
1758
1812
1863
1920
1973
2012
2050
2077
2096
2094
2094
2085
2077
2052
2022
1997
1962
1924
1877
1843
1804
1762
1730
1705
1681
1652
1641
1625
1621
1613
1607
1616
1610
1613
1621
1633
1636
1650
1661
1675
1687
1701
1736
1790
1866
1953
2077
2223
2386
2568
2752
2949
3119
3271
3393
3491
3539
3551
3532
3487
3404
3290
3161
3019
2873
2713
2557
2403
2251
2105
1976
1865
1769
1681
1617
1573
1540
1516
1518
1540
1576
1619
1678
1738
1799
1860
1925
1986
2034
2069
2094
2123
2126
2122
2120
2103
2075
2040
2010
1968
1925
1884
1845
1814
1775
1739
1711
1685
1653
1631
1617
1602
1590
1577
1573
1565
1562
1567
1576
1599
1628
1686
1777
1884
2026
2197
2388
2599
2801
3001
3187
3341
3456
3537
3577
3571
3526
3451
3361
3242
3103
2954
2802
2639
2468
2310
2156
2006
1877
1756
1657
1568
1493
1441
1413
1395
1395
1421
1462
1511
1573
1644
1716
1792
1853
1914
1972
2015
2045
2071
2084
2088
2073
2052
2022
1991
1944
1900
1861
1815
1769
1733
1704
1667
1630
1605
1588
1568
1559
1553
1560
1563
1561
1573
1588
1595
1603
1618
1635
1650
1665
1688
1707
1717
1736
1748
1761
1770
1773
1786
1796
1805
1818
1852
1910
1989
2098
2245
2425
2630
2838
3057
3264
3448
3596
3715
3807
3835
3820
3775
3695
3582
3449
3300
3145
2979
2812
2656
2497
2349
2208
2081
1971
1866
1779
1702
1653
1613
1583
1581
1595
1622
1653
1702
1750
1809
1856
1908
1968
2014
2044
2079
2102
2111
2105
2096
2080
2045
2006
1981
1933
1886
1833
1794
1756
1707
1674
1638
1603
1576
1546
1533
1529
1518
1519
1519
1521
1527
1523
1539
1543
1548
1554
1568
1578
1586
1595
1615
1636
1656
1693
1760
1853
1959
2106
2279
2461
2644
2842
3031
3199
3331
3444
3504
3525
3505
3455
3377
3271
3141
2997
2846
2687
2521
2357
2218
2077
1943
1824
1727
1634
1560
1502
1465
1440
1422
1425
1445
1479
1521
1578
1645
1699
1758
1819
1873
1918
1951
1984
2008
2025
2022
2021
2007
1989
1961
1937
1905
1866
1820
1778
1749
1712
1677
1640
1616
1588
1562
1549
1541
1541
1535
1532
1541
1547
1544
1559
1568
1586
1594
1609
1623
1643
1647
1666
1698
1737
1789
1878
1995
2122
2285
2473
2668
2860
3036
3193
3332
3425
3474
3497
3479
3420
3337
3222
3092
2943
2793
2626
2477
2315
2160
2028
1895
1775
1669
1584
1515
1460
1425
1418
1427
1442
1480
1538
1605
1672
1740
1820
1888
1951
2004
2057
2094
2117
2130
2138
2132
2104
2076
2042
2005
1954
1911
1869
1826
1787
1742
1708
1674
1641
1610
1596
1581
1567
1559
1563
1564
1560
1559
1572
1577
1584
1590
1608
1619
1628
1650
1693
1750
1825
1938
2078
2240
2426
2626
2837
3044
3220
3376
3508
3588
3628
3626
3594
3525
3418
3289
3148
2986
2816
2650
2489
2333
2176
2034
1908
1791
1685
1601
1541
1493
1459
1447
1460
1482
1517
1564
1632
1694
1754
1822
1891
1956
2003
2049
2083
2105
2105
2103
2089
2066
2030
1999
1961
1917
1869
1833
1799
1765
1731
1703
1682
1658
1641
1635
1631
1631
1630
1631
1638
1642
1642
1653
1667
1673
1673
1683
1691
1701
1716
1754
1821
1906
2021
2177
2369
2583
2806
3045
3268
3468
3631
3756
3843
3866
3857
3803
3724
3597
3457
3303
3146
2981
2801
2642
2478
2329
2181
2059
1951
1848
1756
1686
1638
1597
1568
1558
1568
1585
1607
1649
1698
1745
1792
1849
1897
1935
1960
1991
2002
2007
2001
1991
1973
1938
1899
1867
1832
1798
1744
1711
1671
1633
1595
1573
1553
1525
1513
1505
1499
1495
1489
1498
1508
1513
1523
1537
1550
1559
1567
1587
1602
1610
1634
1679
1737
1816
1924
2066
2234
2416
2617
2830
3031
3211
3360
3483
3560
3590
3585
3544
3471
3368
3236
3099
2943
2776
2615
2469
2328
2189
2062
1955
1856
1759
1680
1621
1565
1514
1492
1485
1486
1491
1514
1549
1595
1634
1684
1739
1786
1826
1866
1897
1917
1929
1934
1938
1929
1913
1891
1863
1826
1784
1748
1716
1677
1638
1601
1579
1559
1532
1518
1510
1498
1481
1480
1480
1480
1479
1484
1493
1503
1503
1514
1528
1539
1551
1575
1602
1632
1682
1755
1857
1977
2121
2292
2484
2677
2867
3051
3215
3342
3424
3472
3485
3454
3385
3294
3178
3039
2881
2726
2573
2421
2270
2138
2017
1898
1787
1704
1628
1565
1514
1486
1469
1458
1460
1487
1525
1569
1618
1676
1740
1797
1853
1911
1965
2004
2024
2040
2044
2037
2016
1995
1969
1932
1890
1848
1810
1766
1723
1692
1659
1632
1600
1577
1556
1530
1517
1512
1510
1505
1503
1512
1522
1530
1538
1552
1566
1581
1596
1625
1662
1716
1778
1874
1987
2119
2270
2449
2632
2812
2971
3114
3229
3312
3354
3368
3344
3281
3194
3090
2967
2825
2682
2542
2398
2250
2110
1985
1877
1769
1674
1600
1542
1496
1463
1454
1462
1478
1508
1558
1612
1666
1720
1787
1848
1902
1942
1990
2021
2042
2048
2055
2049
2026
1995
1960
1930
1891
1848
1810
1772
1728
1681
1642
1610
1575
1549
1533
1522
1509
1495
1498
1505
1510
1518
1531
1544
1556
1570
1591
1614
1640
1668
1725
1793
1885
2002
2158
2332
2516
2709
2907
3091
3247
3374
3480
3540
3554
3533
3480
3395
3284
3154
3017
2864
2702
2544
2399
2257
2123
2002
1903
1805
1720
1649
1600
1562
1534
1512
1517
1530
1550
1579
1628
1683
1738
1784
1845
1893
1930
1962
1993
2013
2014
2007
1999
1981
1951
1919
1891
1854
1811
1771
1741
1709
1669
1633
1603
1582
1562
1546
1538
1532
1523
1515
1526
1529
1531
1537
1553
1567
1578
1589
1604
1618
1631
1655
1700
1763
1840
1952
2091
2260
2439
2629
2825
3002
3150
3278
3381
3440
3461
3449
3409
3333
3230
3108
2979
2840
2696
2550
2416
2281
2158
2044
1949
1856
1772
1699
1652
1609
1574
1558
1557
1565
1569
1593
1631
1673
1712
1753
1800
1842
1873
1903
1931
1955
1963
1969
1965
1950
1924
1894
1869
1840
1805
1772
1748
1715
1682
1654
1633
1611
1589
1573
1567
1558
1544
1538
1544
1548
1548
1552
1557
1563
1566
1577
1595
1613
1626
1649
1686
1732
1803
1899
2029
2177
2342
2518
2707
2885
3052
3197
3319
3394
3427
3433
3407
3344
3251
3137
3015
2874
2726
2582
2440
2303
2164
2044
1935
1828
1729
1653
1590
1540
1497
1476
1476
1485
1505
1547
1601
1652
1703
1764
1820
1869
1907
1951
1986
2007
2014
2020
2016
1999
1972
1945
1913
1878
1835
1792
1751
1709
1670
1641
1609
1584
1555
1544
1532
1522
1513
1514
1512
1506
1507
1523
1537
1544
1553
1566
1586
1596
1614
1643
1670
1699
1748
1829
1933
2057
2213
2393
2586
2781
2967
3142
3291
3405
3472
3510
3508
3468
3401
3311
3202
3068
2922
2779
2626
2469
2318
2189
2068
1949
1846
1763
1689
1626
1579
1552
1532
1520
1520
1542
1571
1608
1654
1710
1762
1808
1851
1898
1933
1953
1967
1980
1978
1965
1947
1933
1907
1876
1845
1815
1781
1741
1703
1675
1651
1621
1598
1583
1572
1553
1541
1539
1535
1524
1520
1526
1531
1535
1549
1566
1576
1580
1585
1598
1606
1616
1628
1655
1690
1738
1815
1924
2058
2212
2388
2579
2772
2948
3117
3263
3373
3444
3480
3481
3435
3360
3260
3139
3002
2852
2698
2550
2396
2244
2106
1983
1869
1764
1680
1616
1564
1519
1497
1492
1494
1505
1539
1585
1637
1692
1755
1813
1874
1923
1972
2018
2049
2063
2076
2078
2073
2055
2036
2014
1979
1936
1901
1863
1821
1780
1752
1725
1689
1655
1633
1620
1604
1592
1585
1581
1573
1565
1572
1579
1583
1583
1592
1602
1610
1617
1635
1657
1684
1713
1775
1855
1957
2082
2236
2415
2604
2788
2973
3134
3269
3368
3437
3473
3459
3408
3332
3226
3095
2947
2795
2637
2482
2318
2178
2042
1914
1796
1699
1614
1543
1485
1450
1432
1423
1431
1460
1498
1539
1587
1648
1714
1777
1833
1891
1938
1970
1996
2027
2046
2053
2046
2038
2022
1990
1953
1921
1887
1843
1803
1769
1730
1692
1658
1633
1607
1586
1562
1554
1548
1539
1537
1543
1548
1556
1568
1586
1600
1611
1618
1635
1649
1657
1675
1711
1764
1829
1925
2050
2201
2375
2571
2781
2986
3166
3324
3457
3545
3596
3604
3580
3515
3410
3281
3142
2984
2815
2650
2489
2328
2171
2029
1908
1797
1697
1610
1545
1493
1455
1438
1444
1457
1481
1514
1562
1616
1672
1736
1810
1878
1934
1985
2033
2068
2086
2098
2108
2100
2076
2047
2017
1981
1943
1901
1864
1817
1769
1732
1696
1665
1631
1608
1588
1569
1547
1539
1538
1537
1535
1543
1548
1557
1561
1572
1585
1606
1615
1635
1658
1691
1736
1811
1918
2046
2192
2370
2573
2778
2982
3179
3356
3488
3581
3638
3656
3629
3558
3460
3343
3202
3041
2873
2708
2536
2366
2210
2068
1936
1813
1714
1635
1568
1512
1481
1470
1468
1478
1517
1562
1614
1675
1744
1821
1892
1951
2009
2064
2098
2121
2141
2150
2146
2128
2109
2080
2042
1995
1954
1908
1859
1810
1772
1729
1694
1656
1629
1604
1584
1560
1550
1540
1532
1526
1536
1546
1555
1570
1599
1635
1675
1730
1816
1929
2065
2239
2459
2709
2978
3257
3538
3785
3873
3872
3872
3874
3872
3872
3873
3872
3871
3641
3416
3172
2917
2665
2422
2189
1971
1772
1604
1463
1338
1246
1181
1137
1107
1095
1104
1126
1152
1197
1258
1323
1392
1475
1565
1644
1715
1789
1863
1926
1969
2008
2047
2062
2065
2060
2048
2022
1986
1956
1921
1879
1830
1792
1756
1718
1674
1636
1609
1584
1560
1541
1530
1524
1516
1511
1515
1517
1515
1518
1530
1535
1540
1548
1568
1588
1613
1652
1726
1808
1913
2051
2218
2402
2594
2795
2992
3174
3317
3433
3518
3556
3547
3503
3423
3314
3179
3029
2875
2713
2544
2379
2226
2077
1934
1811
1707
1611
1525
1454
1412
1382
1368
1376
1406
1443
1487
1548
1624
1700
1775
1853
1930
1995
2043
2088
2126
2146
2154
2155
2146
2121
2093
2063
2034
1997
1946
1901
1857
1810
1759
1722
1696
1669
1640
1614
1591
1567
1543
1526
1523
1514
1503
1508
1513
1524
1538
1556
1572
1597
1626
1686
1766
1872
2008
2182
2374
2579
2791
3010
3207
3377
3509
3605
3659
3663
3627
3563
3470
3345
3193
3031
2854
2666
2480
2308
2144
1983
1839
1720
1616
1520
1447
1401
1361
1340
1336
1365
1402
1452
1514
1594
1677
1756
1834
1917
1986
2042
2090
2131
2155
2157
2149
2141
2120
2084
2042
2000
1953
1900
1852
1811
1769
1724
1681
1652
1618
1586
1562
1548
1535
1522
1520
1523
1528
1531
1540
1553
1559
1563
1578
1596
1615
1642
1691
1764
1852
1969
2114
2284
2465
2645
2831
2996
3138
3245
3323
3367
3372
3337
3268
3179
3061
2924
2780
2635
2483
2328
2180
2045
1918
1803
1704
1628
1557
1495
1458
1436
1426
1434
1467
1513
1568
1622
1696
1772
1844
1909
1973
2028
2064
2093
2114
2129
2139
2129
2112
2086
2044
2003
1966
1925
1881
1831
1790
1753
1719
1680
1659
1646
1628
1607
1598
1587
1578
1573
1574
1572
1573
1573
1587
1602
1615
1631
1666
1716
1784
1882
2019
2184
2374
2574
2787
2997
3181
3337
3464
3552
3597
3602
3569
3500
3396
3259
3109
2949
2775
2598
2426
2258
2098
1945
1815
1700
1597
1505
1443
1396
1363
1342
1350
1369
1405
1449
1512
1575
1642
1709
1781
1851
1909
1961
2020
2062
2092
2106
2112
2111
2096
2073
2045
2018
1979
1933
1892
1852
1809
1764
1729
1695
1660
1621
1598
1578
1559
1545
1548
1548
1547
1547
1556
1570
1580
1588
1611
1636
1670
1724
1815
1940
2089
2272
2482
2711
2935
3149
3355
3522
3650
3734
3780
3773
3720
3632
3519
3375
3207
3026
2851
2666
2486
2316
2157
2006
1861
1737
1635
1550
1481
1431
1402
1387
1382
1398
1434
1477
1529
1597
1672
1749
1823
1896
1967
2026
2074
2107
2129
2130
2114
2097
2082
2055
2017
1976
1940
1897
1850
1803
1757
1716
1670
1633
1604
1576
1553
1541
1533
1531
1524
1525
1530
1537
1542
1554
1564
1576
1589
1619
1661
1728
1827
1957
2125
2315
2525
2760
2996
3216
3411
3573
3703
3782
3812
3799
3743
3648
3513
3364
3190
3008
2812
2629
2454
2276
2105
1954
1817
1693
1582
1503
1435
1384
1353
1345
1357
1380
1416
1471
1533
1596
1665
1742
1819
1883
1947
2004
2046
2077
2092
2107
2109
2096
2072
2046
2012
1969
1919
1876
1835
1786
1739
1703
1670
1634
1602
1586
1562
1542
1528
1526
1525
1522
1522
1535
1546
1549
1557
1575
1604
1643
1698
1783
1900
2046
2225
2434
2658
2888
3104
3310
3484
3618
3707
3761
3766
3726
3641
3531
3390
3224
3043
2861
2677
2488
2302
2138
1984
1842
1710
1608
1516
1436
1374
1338
1320
1313
1330
1369
1423
1475
1541
1625
1705
1781
1854
1926
1982
2025
2058
2090
2099
2094
2080
2066
2037
2000
1955
1916
1875
1824
1775
1737
1696
1653
1619
1593
1568
1542
1529
1524
1521
1515
1518
1528
1533
1531
1541
1556
1574
1587
1619
1670
1744
1845
1978
2153
2352
2571
2798
3029
3247
3432
3582
3700
3768
3785
3762
3695
3588
3444
3284
3111
2921
2722
2534
2351
2171
1996
1842
1715
1595
1490
1413
1359
1320
1295
1294
1321
1356
1405
1468
1543
1622
1706
1785
1868
1938
1993
2041
2087
2115
2121
2119
2110
2087
2055
2022
1986
1941
1887
1838
1794
1749
1704
1666
1636
1604
1574
1551
1545
1538
1532
1538
1545
1548
1550
1559
1571
1585
1601
1627
1669
1728
1810
1929
2088
2271
2477
2701
2929
3140
3328
3487
3610
3689
3710
3696
3642
3548
3417
3264
3099
2921
2728
2544
2364
2187
2013
1865
1735
1616
1510
1433
1380
1351
1341
1357
1399
1452
1514
1594
1686
1774
1858
1944
2019
2087
2133
2168
2198
2212
2201
2184
2159
2121
2069
2020
1968
1915
1854
1798
1746
1692
1641
1602
1573
1543
1520
1506
1500
1491
1485
1489
1498
1503
1503
1515
1536
1558
1584
1634
1710
1810
1945
2129
2349
2594
2847
3107
3358
3582
3767
3872
3873
3872
3872
3873
3872
3763
3599
3420
3231
3028
2814
2612
2420
2228
2050
1892
1759
1642
1537
1453
1402
1366
1347
1354
1381
1421
1467
1537
1611
1690
1769
1848
1923
1983
2029
2074
2104
2123
2120
2107
2089
2058
2017
1970
1926
1866
1801
1746
1700
1647
1597
1557
1524
1491
1459
1441
1432
1422
1412
1417
1426
1430
1431
1445
1458
1477
1497
1525
1563
1616
1696
1823
1990
2193
2417
2667
2930
3180
3406
3610
3772
3869
3873
3872
3873
3796
3670
3521
3352
3162
2957
2759
2560
2360
2171
2007
1849
1702
1574
1474
1392
1326
1282
1263
1263
1278
1307
1358
1419
1485
1558
1636
1719
1790
1851
1912
1964
1995
2015
2029
2031
2015
1990
1965
1932
1885
1832
1784
1738
1688
1641
1605
1565
1530
1496
1477
1463
1446
1429
1429
1424
1417
1416
1430
1445
1453
1468
1494
1517
1544
1587
1661
1770
1908
2086
2298
2534
2782
3034
3279
3494
3666
3791
3867
3873
3872
3812
3716
3581
3415
3231
3038
2837
2631
2427
2243
2064
1895
1742
1620
1514
1424
1354
1307
1277
1259
1265
1293
1335
1381
1445
1524
1606
1683
1766
1844
1911
1963
2004
2036
2053
2052
2039
2025
1999
1958
1915
1876
1831
1780
1732
1689
1650
1601
1564
1538
1511
1485
1473
1464
1456
1446
1449
1456
1458
1458
1463
1478
1492
1504
1533
1580
1647
1746
1884
2058
2266
2495
2745
2998
3240
3451
3633
3773
3852
3870
3855
3789
3683
3546
3386
3207
3007
2796
2596
2397
2201
2013
1852
1696
1558
1432
1342
1269
1214
1178
1181
1204
1241
1299
1373
1458
1546
1638
1740
1830
1905
1966
2022
2063
2082
2090
2086
2069
2034
1990
1944
1894
1833
1774
1730
1683
1631
1585
1549
1522
1491
1466
1458
1451
1441
1434
1443
1448
1450
1460
1477
1490
1501
1516
1534
1554
1571
1597
1644
1709
1801
1935
2109
2316
2535
2776
3020
3251
3452
3621
3757
3836
3857
3828
3769
3666
3528
3363
3188
2992
2788
2588
2399
2214
2039
1886
1745
1617
1501
1405
1340
1293
1257
1246
1259
1287
1323
1384
1461
1538
1618
1706
1791
1864
1918
1969
2010
2042
2055
2055
2047
2021
1985
1952
1919
1876
1827
1782
1741
1693
1642
1606
1573
1542
1512
1493
1478
1462
1448
1447
1454
1461
1466
1480
1499
1512
1525
1544
1570
1608
1660
1754
1879
2040
2226
2445
2684
2921
3147
3354
3531
3658
3732
3764
3758
3700
3598
3473
3321
3142
2945
2751
2554
2357
2162
1995
1836
1688
1559
1460
1376
1309
1256
1232
1223
1233
1261
1307
1373
1445
1518
1597
1687
1765
1837
1908
1966
2004
2024
2038
2046
2036
2011
1987
1954
1911
1858
1814
1768
1727
1684
1649
1612
1575
1537
1513
1491
1470
1459
1453
1450
1451
1449
1458
1472
1485
1494
1517
1539
1561
1595
1657
1749
1873
2022
2214
2431
2659
2889
3120
3329
3502
3634
3724
3760
3749
3691
3603
3473
3308
3128
2946
2748
2552
2365
2186
2016
1854
1706
1583
1478
1385
1317
1275
1246
1234
1249
1286
1337
1399
1472
1553
1638
1720
1799
1876
1941
1994
2041
2076
2086
2087
2075
2065
2038
2001
1959
1922
1878
1828
1785
1746
1707
1663
1629
1600
1573
1544
1528
1516
1504
1493
1490
1489
1495
1499
1507
1518
1533
1549
1587
1650
1738
1855
2007
2189
2389
2600
2815
3024
3204
3353
3465
3538
3567
3546
3493
3404
3278
3121
2957
2779
2597
2413
2242
2075
1918
1772
1649
1546
1459
1391
1350
1339
1352
1384
1441
1518
1604
1692
1789
1884
1972
2050
2120
2174
2210
2233
2249
2254
2241
2221
2199
2168
2129
2086
2045
2000
1957
1915
1877
1839
1804
1768
1749
1731
1714
1700
1694
1690
1687
1686
1695
1712
1736
1787
1877
2006
2181
2413
2702
3040
3413
3793
3873
3873
3873
3874
3873
3874
3872
3874
3873
3873
3874
3873
3873
3873
3874
3872
3874
3873
3873
3459
3048
2643
2250
1880
1552
1262
1007
800
636
519
443
415
429
478
556
657
772
899
1025
1155
1284
1398
1490
1569
1633
1687
1722
1740
1757
1760
1744
1724
1703
1675
1634
1598
1565
1530
1490
1461
1440
1413
1389
1377
1373
1365
1357
1358
1367
1375
1382
1403
1445
1512
1617
1764
1956
2180
2426
2684
2947
3193
3407
3584
3717
3799
3825
3795
3728
3621
3480
3311
3128
2928
2716
2507
2309
2116
1930
1768
1627
1501
1387
1299
1234
1187
1160
1154
1168
1198
1240
1299
1378
1455
1535
1613
1696
1772
1837
1898
1951
1988
2001
2003
2003
1983
1955
1925
1889
1845
1795
1748
1707
1662
1622
1591
1568
1545
1518
1501
1488
1476
1466
1465
1468
1467
1468
1478
1488
1499
1512
1540
1590
1660
1769
1922
2115
2340
2591
2855
3118
3358
3565
3739
3861
3872
3874
3872
3842
3728
3581
3418
3242
3044
2837
2635
2440
2250
2072
1919
1777
1656
1541
1452
1383
1326
1286
1276
1287
1310
1344
1396
1462
1527
1596
1669
1740
1797
1847
1900
