8069
1221
1303
1377
1454
1519
1572
1618
1644
1662
1668
1673
1663
1640
1606
1573
1524
1475
1421
1379
1329
1278
1231
1194
1159
1127
1098
1084
1073
1069
1062
1065
1073
1081
1091
1111
1134
1150
1171
1197
1221
1244
1264
1292
1320
1336
1346
1362
1367
1373
1374
1387
1394
1392
1396
1405
1418
1440
1501
1618
1810
2082
2444
2888
3390
3877
3880
3880
3880
3879
3880
3880
3881
3879
3881
3881
3881
3880
3880
3880
3880
3879
3879
3880
3880
3879
3878
3880
3878
3879
3880
3748
3381
3011
2657
2334
2034
1767
1546
1366
1232
1124
1067
1049
1064
1098
1154
1228
1299
1374
1455
1527
1587
1630
1670
1703
1726
1728
1727
1714
1684
1653
1623
1591
1554
1514
1478
1442
1405
1368
1337
1320
1291
1268
1251
1241
1227
1212
1217
1220
1225
1218
1223
1232
1238
1243
1261
1287
1301
1321
1340
1360
1377
1385
1404
1420
1435
1441
1457
1461
1459
1455
1461
1457
1438
1425
1419
1414
1429
1483
1600
1785
2053
2412
2857
3351
3860
3880
3880
3881
3880
3879
3880
3880
3880
3881
3880
3877
3880
3880
3881
3880
3880
3880
3879
3880
3878
3880
3880
3817
3435
3072
2724
2400
2091
1819
1583
1385
1210
1083
995
941
909
924
964
1025
1087
1174
1266
1354
1439
1519
1598
1662
1706
1742
1771
1780
1769
1759
1740
1704
1658
1619
1582
1537
1493
1457
1413
1372
1326
1290
1272
1247
1221
1212
1203
1193
1187
1196
1206
1219
1225
1241
1255
1264
1275
1292
1313
1331
1349
1365
1388
1402
1409
1426
1440
1445
1445
1459
1466
1465
1461
1462
1458
1445
1427
1424
1431
1454
1524
1664
1869
2153
2511
2948
3423
3875
3880
3880
3880
3878
3880
3879
3880
3879
3880
3880
3879
3879
3880
3879
3881
3879
3880
3880
3880
3879
3557
3184
2822
2474
2147
1861
1602
1378
1192
1055
964
901
881
900
943
1011
1095
1207
1318
1421
1526
1627
1717
1786
1848
1898
1925
1931
1928
1919
1890
1843
1798
1748
1690
1626
1566
1512
1458
1407
1360
1320
1283
1246
1220
1210
1203
1194
1194
1199
1203
1206
1223
1239
1255
1266
1282
1306
1324
1334
1351
1373
1390
1397
1405
1416
1423
1422
1432
1450
1462
1483
1540
1644
1803
2029
2346
2729
3165
3628
3879
3880
3880
3879
3880
3881
3879
3880
3880
3880
3880
3879
3880
3880
3880
3880
3879
3880
3880
3880
3880
3879
3560
3199
2856
2535
2232
1954
1713
1502
1320
1170
1069
1005
973
966
997
1051
1117
1192
1291
1389
1478
1557
1636
1700
1751
1783
1810
1819
1806
1777
1750
1718
1675
1626
1581
1534
1483
1432
1394
1362
1327
1287
1261
1237
1209
1186
1177
1171
1164
1157
1161
1166
1171
1172
1188
1206
1221
1236
1261
1289
1311
1331
1364
1392
1410
1425
1445
1455
1456
1458
1466
1465
1455
1446
1444
1437
1426
1418
1412
1404
1388
1378
1375
1395
1457
1574
1764
2047
2424
2873
3381
3877
3879
3880
3880
3880
3880
3880
3879
3880
3881
3879
3880
3880
3880
3881
3880
3878
3880
3880
3879
3880
3880
3879
3880
3880
3738
3387
3042
2709
2395
2107
1859
1634
1436
1278
1155
1076
1021
1006
1017
1048
1093
1149
1219
1295
1361
1431
1499
1552
1591
1624
1650
1663
1663
1653
1639
1617
1583
1552
1517
1477
1431
1387
1345
1310
1284
1258
1239
1220
1196
1173
1166
1157
1153
1158
1166
1170
1170
1187
1203
1215
1227
1246
1266
1275
1284
1304
1322
1337
1353
1373
1396
1407
1416
1435
1447
1454
1457
1466
1468
1459
1450
1444
1432
1416
1407
1413
1435
1479
1575
1748
1999
2337
2748
3216
3716
3880
3879
3879
3880
3880
3880
3881
3880
3879
3880
3880
3879
3880
3880
3880
3880
3880
3879
3881
3880
3878
3780
3428
3075
2742
2433
2154
1897
1662
1461
1301
1173
1072
1014
989
990
1011
1058
1124
1197
1279
1367
1460
1546
1625
1692
1749
1792
1821
1828
1832
1817
1794
1755
1712
1669
1616
1564
1514
1465
1420
1381
1346
1313
1287
1263
1243
1225
1217
1211
1209
1208
1219
1229
1240
1256
1275
1293
1314
1329
1346
1363
1376
1392
1409
1427
1438
1450
1456
1461
1465
1466
1462
1458
1451
1451
1464
1502
1582
1721
1932
2214
2566
2972
3411
3855
3880
3879
3880
3880
3880
3881
3878
3880
3881
3880
3880
3880
3880
3879
3880
3879
3879
3879
3804
3446
3090
2745
2420
2120
1845
1597
1386
1205
1065
963
899
872
880
916
975
1059
1159
1269
1389
1504
1614
1714
1799
1869
1924
1966
1986
1986
1972
1944
1903
1853
1796
1740
1678
1614
1556
1502
1454
1410
1371
1341
1315
1291
1275
1266
1259
1259
1259
1262
1269
1277
1287
1302
1315
1333
1347
1361
1374
1386
1399
1414
1426
1439
1448
1463
1490
1538
1626
1774
1989
2274
2636
3054
3512
3880
3880
3879
3880
3880
3880
3881
3880
3879
3880
3880
3879
3880
3880
3880
3880
3880
3879
3880
3880
3879
3645
3293
2952
2636
2333
2050
1791
1559
1362
1198
1071
985
934
918
933
974
1040
1124
1226
1325
1425
1524
1609
1680
1743
1795
1830
1853
1861
1853
1836
1803
1758
1712
1660
1603
1548
1493
1442
1393
1351
1313
1283
1258
1238
1226
1214
1210
1213
1217
1219
1225
1230
1236
1245
1257
1269
1286
1299
1316
1334
1350
1366
1381
1393
1404
1414
1424
1430
1436
1444
1449
1450
1446
1444
1450
1470
1519
1610
1764
1998
2311
2707
3164
3667
3880
3879
3880
3880
3880
3880
3880
3880
3880
3880
3880
3881
3879
3879
3881
3880
3880
3880
3880
3880
3881
3880
3879
3880
3880
3548
3210
2878
2559
2258
1981
1726
1511
1328
1183
1074
1001
962
956
972
1016
1076
1147
1225
1306
1382
1455
1518
1576
1620
1650
1673
1681
1679
1668
1646
1621
1589
1555
1517
1478
1439
1402
1367
1337
1312
1291
1274
1266
1257
1249
1246
1242
1242
1241
1240
1241
1245
1249
1255
1263
1279
1296
1312
1328
1341
1354
1372
1389
1404
1413
1418
1417
1416
1416
1427
1433
1440
1438
1435
1427
1422
1412
1406
1395
1388
1387
1396
1429
1508
1646
1859
2154
2537
2986
3479
3880
3880
3880
3879
3880
3879
3880
3881
3881
3879
3880
3880
3880
3880
3880
3879
3880
3880
3881
3880
3880
3880
3880
3878
3514
3173
2840
2517
2214
1939
1692
1485
1303
1158
1049
976
937
932
950
996
1058
1128
1209
1298
1383
1459
1526
1581
1627
1654
1676
1689
1690
1678
1660
1631
1596
1558
1517
1479
1443
1405
1368
1334
1302
1273
1255
1238
1230
1223
1220
1216
1218
1223
1227
1233
1241
1251
1262
1275
1290
1309
1327
1348
1368
1392
1413
1434
1447
1460
1474
1481
1485
1486
1485
1480
1476
1470
1461
1453
1438
1424
1416
1416
1452
1528
1668
1880
2164
2517
2927
3371
3816
3879
3879
3880
3880
3880
3880
3880
3879
3880
3879
3881
3880
3878
3880
3880
3879
3879
3730
3381
3040
2713
2411
2139
1886
1655
1451
1274
1128
1013
932
887
877
892
933
996
1078
1175
1281
1388
1486
1581
1662
1731
1784
1829
1858
1868
1863
1851
1826
1800
1762
1722
1675
1619
1572
1517
1471
1425
1386
1355
1328
1312
1297
1291
1283
1274
1269
1264
1262
1262
1266
1272
1275
1281
1283
1286
1292
1299
1308
1314
1328
1343
1357
1365
1374
1381
1392
1402
1429
1457
1511
1592
1737
1937
2208
2549
2950
3377
3804
3879
3880
3879
3881
3880
3880
3880
3880
3878
3880
3880
3879
3880
3880
3879
3879
3879
3806
3474
3145
2827
2540
2275
2039
1824
1636
1471
1332
1210
1114
1045
1001
980
985
1008
1042
1098
1163
1238
1320
1404
1483
1558
1615
1668
1714
1746
1762
1777
1774
1759
1737
1706
1669
1629
1593
1549
1509
1466
1424
1384
1347
1316
1289
1260
1234
1220
1210
1203
1205
1205
1212
1222
1232
1245
1263
1282
1304
1329
1352
1376
1397
1415
1433
1453
1469
1480
1487
1492
1488
1492
1488
1489
1481
1475
1468
1464
1457
1449
1443
1442
1445
1473
1534
1648
1830
2098
2447
2858
3316
3794
3880
3879
3879
3880
3880
3879
3880
3880
3879
3880
3880
3879
3879
3880
3879
3879
3878
3879
3879
3879
3878
3879
3641
3338
3044
2758
2484
2230
1988
1771
1584
1426
1294
1200
1130
1086
1071
1082
1114
1161
1222
1285
1350
1420
1488
1552
1607
1656
1698
1724
1740
1750
1748
1735
1716
1693
1661
1625
1585
1542
1499
1459
1419
1387
1352
1318
1291
1266
1245
1235
1226
1225
1225
1224
1228
1235
1248
1265
1285
1306
1326
1344
1365
1386
1408
1428
1444
1459
1471
1486
1500
1512
1526
1534
1543
1551
1552
1555
1552
1554
1557
1553
1551
1548
1548
1548
1548
1562
1592
1652
1763
1943
2200
2530
2932
3381
3851
3881
3880
3879
3880
3880
3879
3880
3880
3879
3880
3880
3879
3880
3880
3880
3880
3880
3878
3880
3880
3880
3880
3628
3310
3004
2717
2448
2203
1981
1779
1609
1467
1353
1274
1226
1209
1217
1245
1292
1351
1416
1487
1554
1611
1663
1707
1740
1768
1786
1793
1789
1772
1747
1717
1683
1648
1612
1580
1547
1511
1478
1446
1419
1399
1385
1368
1354
1340
1326
1319
1314
1315
1318
1317
1320
1329
1337
1351
1365
1381
1398
1410
1425
1438
1457
1472
1489
1501
1514
1524
1537
1545
1553
1560
1569
1573
1577
1575
1574
1565
1557
1548
1538
1522
1503
1483
1466
1453
1460
1492
1563
1698
1908
2202
2571
2997
3465
3879
3880
3879
3880
3880
3881
3880
3878
3880
3881
3880
3878
3880
3880
3879
3880
3880
3879
3880
3849
3454
3099
2758
2446
2162
1907
1682
1494
1333
1208
1112
1042
1002
990
1000
1037
1095
1166
1245
1330
1418
1504
1586
1660
1722
1775
1810
1833
1845
1842
1831
1810
1778
1736
1692
1640
1587
1532
1477
1420
1363
1313
1270
1236
1202
1177
1163
1147
1139
1138
1144
1154
1165
1184
1198
1216
1234
1248
1260
1267
1283
1299
1317
1329
1345
1361
1374
1387
1399
1404
1403
1402
1402
1398
1392
1392
1392
1388
1383
1380
1376
1370
1362
1355
1349
1350
1361
1396
1470
1599
1803
2078
2424
2825
3261
3709
3878
3879
3878
3879
3880
3879
3878
3881
3880
3878
3880
3879
3878
3880
3879
3878
3880
3556
3173
2805
2451
2132
1841
1585
1363
1174
1020
905
828
786
777
805
858
937
1037
1151
1280
1413
1543
1666
1781
1881
1960
2024
2073
2103
2117
2109
2087
2049
1998
1939
1880
1820
1756
1693
1628
1568
1514
1464
1422
1386
1349
1317
1295
1275
1261
1254
1259
1264
1275
1284
1298
1314
1332
1357
1376
1394
1416
1433
1451
1472
1489
1508
1520
1527
1529
1534
1534
1538
1553
1583
1647
1753
1924
2157
2462
2824
3230
3653
3879
3880
3879
3879
3880
3878
3879
3878
3879
3880
3879
3877
3880
3879
3879
3879
3879
3879
3645
3278
2924
2588
2269
1984
1726
1500
1312
1162
1045
960
917
904
923
973
1050
1144
1260
1382
1507
1632
1749
1859
1954
2025
2078
2110
2122
2119
2098
2065
2019
1967
1906
1844
1777
1711
1644
1588
1530
1479
1431
1384
1348
1321
1295
1273
1259
1249
1243
1242
1240
1245
1247
1245
1246
1249
1247
1244
1245
1242
1240
1235
1234
1237
1240
1251
1271
1294
1319
1361
1423
1524
1674
1902
2212
2601
3056
3561
3879
3879
3880
3880
3881
3880
3878
3880
3880
3880
3880
3880
3880
3881
3880
3879
3881
3880
3878
3880
3880
3879
3880
3879
3879
3880
3542
3186
2842
2520
2219
1961
1741
1562
1420
1320
1257
1235
1243
1274
1334
1399
1480
1561
1639
1718
1789
1854
1899
1938
1956
1962
1960
1940
1913
1881
1834
1784
1732
1679
1625
1572
1526
1483
1444
1409
1379
1354
1334
1321
1315
1310
1314
1317
1327
1338
1351
1365
1379
1389
1400
1411
1423
1427
1436
1445
1457
1480
1518
1588
1704
1884
2137
2466
2859
3300
3768
3881
3880
3880
3880
3880
3879
3880
3881
3880
3880
3881
3881
3880
3880
3880
3880
3880
3880
3880
3880
3880
3872
3486
3145
2822
2508
2222
1955
1719
1510
1339
1203
1105
1038
1002
999
1022
1076
1146
1234
1329
1416
1499
1583
1658
1731
1780
1819
1842
1850
1848
1834
1808
1771
1727
1677
1622
1566
1510
1456
1407
1367
1336
1304
1282
1263
1250
1239
1227
1227
1221
1222
1224
1229
1230
1239
1251
1265
1274
1287
1304
1323
1340
1355
1371
1380
1387
1397
1406
1415
1420
1426
1425
1421
1421
1420
1420
1421
1437
1469
1540
1667
1871
2161
2539
2986
3474
3880
3880
3880
3880
3881
3880
3880
3882
3880
3880
3881
3879
3880
3881
3881
3880
3879
3880
3880
3880
3879
3878
3880
3793
3467
3140
2828
2527
2248
1983
1744
1528
1346
1189
1069
984
928
904
906
934
982
1048
1126
1217
1311
1395
1474
1543
1604
1655
1692
1715
1727
1724
1712
1695
1669
1641
1605
1565
1517
1472
1425
1383
1346
1314
1283
1251
1222
1201
1183
1168
1162
1154
1149
1153
1160
1170
1181
1196
1217
1238
1262
1290
1322
1361
1402
1445
1476
1504
1529
1550
1565
1579
1590
1594
1587
1587
1572
1560
1546
1531
1515
1501
1485
1485
1513
1587
1733
1961
2270
2649
3084
3546
3879
3880
3880
3880
3881
3880
3880
3881
3881
3878
3880
3880
3879
3880
3880
3880
3879
3880
3880
3879
3530
3178
2843
2525
2229
1964
1719
1503
1317
1165
1051
973
935
924
945
988
1060
1147
1248
1357
1473
1578
1671
1759
1832
1886
1930
1954
1962
1957
1932
1901
1862
1813
1759
1702
1641
1580
1521
1468
1418
1376
1340
1304
1275
1250
1230
1220
1216
1220
1224
1234
1249
1264
1281
1303
1324
1348
1369
1393
1412
1433
1455
1467
1480
1489
1495
1500
1501
1510
1525
1557
1613
1717
1883
2118
2430
2813
3236
3689
3881
3880
3880
3881
3880
3880
3881
3881
3879
3880
3881
3879
3880
3880
3880
3881
3880
3880
3881
3880
3878
3604
3292
2987
2699
2426
2174
1947
1741
1564
1414
1289
1199
1145
1119
1123
1158
1213
1281
1361
1445
1530
1614
1691
1753
1805
1837
1859
1868
1868
1854
1829
1797
1755
1711
1667
1619
1572
1529
1486
1445
1408
1377
1356
1340
1328
1321
1315
1313
1309
1308
1311
1312
1317
1324
1330
1335
1332
1334
1329
1327
1322
1314
1306
1296
1284
1276
1273
1270
1264
1262
1259
1256
1258
1255
1253
1249
1243
1237
1232
1236
1238
1245
1254
1263
1272
1277
1283
1299
1331
1389
1497
1673
1933
2284
2722
3227
3772
3879
3881
3880
3880
3881
3880
3880
3880
3880
3880
3880
3881
3880
3880
3881
3880
3880
3881
3881
3880
3880
3881
3879
3880
3880
3881
3880
3880
3727
3371
3016
2673
2359
2069
1810
1585
1400
1245
1128
1048
1003
987
991
1016
1052
1099
1156
1219
1284
1347
1406
1455
1494
1522
1538
1539
1537
1526
1510
1486
1456
1422
1399
1366
1333
1307
1269
1254
1225
1205
1183
1182
1169
1179
1195
1206
1212
1223
1232
1245
1256
1253
1279
1290
1306
1323
1341
1362
1383
1398
1414
1427
1442
1453
1459
1468
1471
1468
1471
1466
1469
1463
1458
1445
1432
1421
1408
1400
1393
1390
1397
1416
1467
1570
1742
1995
2328
2740
3205
3701
3880
3880
3880
3880
3880
3881
3880
3879
3881
3879
3880
3881
3880
3880
3881
3880
3880
3881
3880
3880
3881
3802
3448
3102
2771
2462
2182
1925
1697
1497
1334
1206
1115
1054
1027
1030
1051
1094
1155
1226
1306
1390
1472
1540
1606
1661
1700
1736
1757
1767
1760
1742
1716
1684
1642
1601
1559
1512
1465
1419
1374
1336
1299
1269
1243
1221
1200
1178
1158
1140
1128
1115
1100
1088
1082
1078
1081
1088
1097
1106
1118
1128
1141
1148
1156
1163
1175
1182
1189
1198
1203
1212
1219
1228
1236
1241
1243
1244
1242
1243
1243
1244
1242
1241
1239
1242
1248
1263
1284
1326
1400
1528
1729
2005
2358
2774
3238
3713
3878
3880
3880
3879
3880
3881
3879
3880
3880
3879
3880
3880
3879
3880
3880
3879
3879
3879
3586
3181
2792
2424
2084
1780
1516
1291
1105
961
850
778
744
743
772
830
914
1011
1126
1248
1371
1494
1607
1709
1797
1870
1924
1956
1972
1974
1961
1935
1898
1851
1796
1728
1660
1589
1523
1458
1398
1342
1296
1252
1216
1191
1169
1153
1140
1140
1143
1160
1176
1192
1210
1230
1255
1273
1295
1321
1345
1373
1392
1410
1428
1445
1458
1474
1484
1488
1489
1490
1488
1487
1489
1493
1501
1520
1568
1665
1823
2056
2363
2726
3138
3562
3879
3879
3879
3880
3879
3880
3880
3879
3880
3880
3879
3879
3879
3879
3880
3879
3879
3623
3232
2851
2481
2140
1828
1548
1302
1101
940
820
740
701
705
742
813
909
1028
1156
1299
1444
1595
1730
1861
1964
2053
2120
2164
2189
2190
2172
2137
2083
2014
1943
1856
1774
1688
1612
1536
1462
1395
1339
1290
1252
1225
1210
1199
1193
1196
1199
1214
1222
1239
1252
1267
1282
1299
1313
1331
1349
1364
1382
1398
1412
1425
1436
1445
1454
1469
1488
1522
1586
1692
1863
2110
2432
2830
3285
3772
3879
3880
3879
3880
3880
3880
3878
3880
3880
3879
3880
3879
3879
3880
3880
3879
3880
3880
3879
3879
3880
3879
3879
3569
3217
2881
2562
2266
2002
1770
1575
1415
1300
1223
1183
1174
1197
1243
1308
1391
1477
1570
1662
1745
1820
1883
1935
1971
1982
1982
1967
1944
1910
1871
1825
1778
1733
1689
1649
1601
1552
1510
1478
1454
1425
1399
1381
1363
1354
1355
1348
1344
1348
1355
1359
1365
1370
1377
1386
1398
1410
1424
1441
1460
1471
1481
1487
1497
1501
1510
1519
1539
1570
1636
1757
1945
2210
2558
2977
3447
3879
3880
3878
3880
3880
3880
3880
3881
3881
3880
3880
3880
3880
3880
3880
3881
3880
3880
3881
3880
3880
3881
3879
3878
3796
3453
3114
2787
2477
2187
1927
1701
1510
1359
1246
1171
1131
1113
1124
1160
1213
1283
1363
1447
1525
1596
1656
1706
1748
1778
1798
1802
1793
1771
1746
1713
1676
1642
1603
1566
1522
1483
1443
1409
1376
1349
1329
1312
1309
1299
1293
1294
1301
1304
1304
1306
1311
1316
1328
1339
1355
1387
1404
1426
1442
1454
1466
1479
1485
1491
1495
1497
1498
1497
1500
1509
1543
1612
1744
1945
2217
2566
2982
3436
3876
3880
3880
3880
3880
3880
3881
3881
3880
3880
3881
3880
3880
3881
3880
3880
3881
3880
3879
3880
3880
3722
3377
3037
2709
2408
2126
1873
1644
1442
1273
1144
1049
992
968
982
1021
1081
1158
1247
1346
1445
1543
1634
1712
1780
1832
1868
1890
1897
1895
1877
1850
1807
1759
1704
1644
1591
1536
1485
1440
1401
1366
1341
1323
1305
1294
1289
1281
1278
1279
1281
1290
1299
1308
1316
1329
1340
1356
1372
1391
1405
1423
1441
1456
1474
1494
1527
1585
1680
1832
2052
2343
2700
3114
3556
3880
3881
3880
3880
3880
3881
3880
3880
3880
3880
3881
3880
3880
3881
3880
3879
3880
3881
3880
3878
3517
3185
2864
2559
2274
2012
1772
1560
1380
1226
1100
1011
951
924
923
950
998
1064
1139
1224
1314
1400
1487
1564
1631
1687
1724
1747
1755
1753
1739
1713
1678
1638
1593
1550
1502
1462
1427
1385
1350
1317
1284
1257
1236
1225
1212
1205
1196
1193
1196
1204
1213
1226
1234
1249
1265
1282
1296
1319
1337
1354
1373
1392
1406
1419
1428
1437
1446
1451
1459
1474
1505
1569
1689
1876
2141
2487
2896
3352
3823
3881
3880
3880
3880
3879
3880
3880
3881
3881
3880
3880
3880
3880
3880
3881
3880
3880
3881
3880
3880
3881
3594
3276
2971
2672
2385
2116
1864
1638
1438
1269
1121
1006
920
860
834
831
856
903
962
1034
1116
1199
1282
1360
1433
1491
1542
1582
1606
1616
1617
1603
1584
1557
1519
1481
1441
1399
1362
1330
1300
1271
1241
1214
1190
1172
1156
1146
1134
1119
1114
1111
1108
1117
1124
1136
1152
1170
1191
1217
1239
1267
1293
1319
1339
1361
1379
1393
1406
1413
1417
1421
1420
1418
1420
1420
1413
1404
1395
1382
1372
1365
1372
1402
1473
1605
1812
2099
2470
2905
3380
3857
3879
3880
3880
3880
3880
3880
3881
3880
3879
3881
3880
3879
3880
3880
3879
3880
3880
3879
3880
3688
3353
3032
2727
2446
2183
1945
1730
1542
1371
1227
1109
1014
954
921
909
923
956
1000
1060
1129
1204
1278
1356
1425
1485
1536
1575
1609
1627
1636
1641
1629
1608
1580
1549
1510
1469
1434
1397
1364
1338
1313
1296
1281
1265
1255
1243
1233
1223
1216
1208
1207
1215
1218
1224
1234
1245
1258
1274
1291
1300
1313
1324
1335
1346
1356
1370
1387
1394
1402
1407
1415
1427
1435
1442
1449
1452
1454
1455
1449
1445
1440
1429
1420
1403
1389
1375
1364
1354
1356
1369
1417
1515
1674
1914
2232
2618
3055
3519
3878
3880
3880
3879
3880
3880
3879
3880
3880
3880
3881
3880
3879
3881
3879
3878
3880
3880
3879
3876
3519
3198
2896
2609
2341
2097
1877
1685
1512
1367
1250
1158
1094
1056
1048
1056
1089
1136
1197
1269
1350
1436
1518
1592
1657
1714
1758
1791
1811
1821
1816
1798
1771
1737
1696
1654
1607
1559
1510
1464
1420
1388
1357
1335
1326
1316
1307
1298
1292
1288
1287
1287
1286
1286
1287
1290
1296
1299
1307
1323
1335
1346
1361
1373
1391
1405
1426
1439
1451
1460
1473
1485
1492
1504
1513
1515
1519
1520
1524
1528
1531
1539
1554
1583
1641
1744
1911
2142
2444
2809
3215
3641
3879
3880
3879
3879
3880
3879
3880
3880
3879
3881
3879
3878
3880
3880
3879
3880
3880
3879
3879
3548
3198
2866
2547
2256
1990
1745
1529
1343
1183
1059
970
914
895
916
964
1036
1126
1226
1337
1448
1554
1657
1745
1819
1875
1915
1935
1937
1929
1907
1871
1828
1775
1724
1669
1617
1559
1504
1454
1406
1361
1325
1297
1278
1264
1258
1254
1253
1255
1259
1269
1277
1286
1298
1313
1327
1343
1366
1389
1407
1424
1446
1463
1483
1503
1516
1524
1531
1540
1559
1598
1678
1811
2010
2280
2616
3009
3435
3864
3880
3879
3878
3880
3880
3879
3880
3880
3879
3880
3880
3879
3881
3879
3878
3880
3880
3879
3880
3749
3427
3115
2821
2549
2295
2061
1849
1660
1497
1361
1254
1176
1121
1092
1088
1111
1157
1212
1282
1359
1433
1508
1576
1639
1696
1742
1776
1798
1808
1808
1795
1776
1749
1719
1683
1637
1589
1546
1502
1464
1431
1399
1371
1346
1325
1307
1293
1284
1277
1274
1273
1278
1285
1296
1310
1329
1349
1364
1386
1401
1417
1435
1454
1468
1481
1487
1495
1503
1504
1505
1518
1540
1587
1682
1836
2069
2377
2760
3195
3666
3880
3878
3880
3880
3879
3880
3880
3880
3880
3880
3880
3881
3880
3879
3879
3880
3879
3879
3880
3880
3879
3880
3644
3339
3040
2749
2474
2217
1980
1766
1576
1413
1278
1175
1105
1061
1041
1043
1068
1112
1171
1244
1325
1400
1477
1547
1611
1667
1708
1740
1760
1764
1759
1742
1717
1687
1654
1617
1576
1533
1495
1454
1416
1377
1345
1314
1290
1270
1257
1247
1244
1250
1257
1271
1282
1299
1315
1330
1342
1356
1370
1381
1387
1394
1403
1412
1422
1429
1437
1447
1452
1460
1469
1480
1488
1505
1532
1585
1672
1809
2013
2296
2652
3059
3505
3880
3879
3879
3880
3880
3880
3880
3880
3879
3880
3880
3880
3880
3880
3880
3880
3879
3880
3880
3879
3879
3729
3424
3126
2838
2566
2308
2065
1840
1633
1450
1292
1164
1064
993
954
939
943
971
1014
1071
1135
1206
1276
1348
1413
1473
1531
1575
1612
1639
1663
1677
1687
1692
1698
1696
1692
1677
1662
1640
1617
1594
1565
1534
1503
1475
1442
1412
1384
1355
1328
1303
1282
1265
1252
1244
1244
1247
1250
1261
1269
1282
1296
1310
1325
1337
1349
1359
1369
1385
1398
1411
1417
1427
1441
1469
1523
1627
1793
2029
2342
2716
3136
3580
3881
3879
3880
3880
3879
3880
3880
3880
3881
3880
3879
3880
3879
3879
3880
3880
3879
3880
3880
3624
3264
2917
2585
2275
1982
1715
1474
1263
1085
947
840
780
756
770
817
898
1003
1131
1274
1423
1568
1708
1833
1944
2030
2093
2132
2144
2129
2096
2048
1984
1912
1833
1749
