2304
2362
2392
2414
2441
2464
2473
2493
2506
2512
2516
2528
2522
2517
2500
2482
2468
2444
2410
2385
2353
2312
2278
2230
2190
2143
2101
2051
2016
1975
1938
1908
1880
1861
1846
1836
1835
1829
1836
1844
1852
1864
1876
1877
1893
1901
1906
1926
1926
1939
1937
1950
1958
1952
1951
1957
1956
1956
1948
1952
1946
1950
1943
1946
1940
1941
1940
1929
1935
1930
1936
1938
1939
1942
1933
1938
1936
1939
1945
1937
1946
1951
1947
1953
1952
1955
1957
1956
1953
1964
1963
1960
1960
1959
1967
1963
1959
1960
1969
1959
1968
1971
1970
1968
1969
1972
1972
1970
1969
1977
1976
1973
1982
1977
1977
1979
1976
1971
1977
1978
1977
1984
1991
2003
2006
2022
2045
2067
2089
2122
2155
2191
2223
2259
2292
2320
2356
2378
2412
2430
2449
2472
2484
2502
2501
2517
2517
2520
2509
2502
2487
2468
2436
2415
2380
2349
2304
2279
2234
2195
2146
2107
2062
2011
1971
1937
1911
1882
1861
1847
1838
1831
1841
1837
1838
1855
1863
1871
1882
1895
1911
1917
1927
1936
1938
1941
1952
1956
1951
1963
1959
1957
1956
1953
1954
1954
1947
1948
1941
1942
1937
1939
1932
1928
1928
1938
1933
1929
1933
1936
1938
1941
1938
1939
1939
1949
1947
1954
1955
1954
1959
1956
1959
1955
1959
1960
1960
1959
1959
1958
1965
1953
1962
1963
1960
1963
1965
1961
1967
1966
1970
1973
1978
1972
1978
1977
1973
1975
1980
1979
1982
1976
1976
1979
1979
1978
1978
1982
1987
1993
2011
2026
2047
2063
2091
2122
2154
2184
2221
2252
2287
2319
2348
2379
2400
2420
2444
2467
2486
2497
2505
2510
2512
2517
2504
2501
2480
2457
2448
2416
2390
2358
2317
2276
2232
2186
2143
2096
2051
2015
1968
1940
1908
1877
1865
1848
1838
1841
1837
1839
1847
1861
1874
1886
1892
1904
1917
1924
1925
1938
1941
1955
1949
1958
1958
1963
1961
1958
1958
1958
1954
1955
1946
1947
1947
1952
1951
1944
1941
1943
1942
1940
1945
1946
1939
1939
1939
1940
1945
1949
1950
1944
1948
1949
1949
1959
1958
1961
1964
1958
1958
1959
1961
1969
1963
1971
1963
1970
1967
1972
1971
1972
1978
1971
1971
1978
1976
1978
1973
1978
1981
1976
1986
1978
1984
1977
1980
1978
1987
1972
1978
1987
1996
2009
2024
2040
2073
2097
2128
2160
2188
2232
2259
2288
2317
2342
2372
2397
2421
2439
2460
2464
2476
2483
2487
2484
2484
2471
2463
2441
2427
2398
2373
2333
2299
2261
2216
2174
2126
2085
2040
1997
1961
1938
1911
1890
1873
1869
1861
1862
1865
1861
1874
1880
1891
1898
1911
1920
1931
1940
1957
1955
1968
1964
1972
1973
1970
1970
1971
1969
1970
1965
1958
1956
1953
1951
1956
1956
1944
1943
1943
1938
1940
1946
1946
1948
1946
1950
1948
1950
1947
1952
1953
1952
1952
1956
1963
1961
1963
1961
1960
1970
1966
1964
1963
1961
1969
1966
1968
1973
1973
1970
1974
1975
1975
1980
1970
1978
1973
1974
1977
1979
1976
1975
1977
1977
1979
1973
1986
1984
1996
2004
2026
2043
2071
2098
2136
2161
2196
2234
2269
2297
2334
2357
2379
2402
2427
2441
2452
2468
2472
2478
2473
2481
2468
2458
2438
2420
2401
2369
2338
2315
2271
2229
2185
2144
2103
2059
2016
1976
1951
1913
1894
1869
1869
1853
1855
1853
1856
1865
1869
1876
1891
1899
1906
1925
1934
1945
1948
1969
1963
1963
1969
1964
1969
1964
1969
1956
1959
1952
1951
1946
1956
1946
1948
1946
1940
1945
1939
1940
1944
1941
1941
1943
1944
1937
1945
1947
1945
1950
1946
1953
1955
1959
1952
1965
1957
1957
1955
1963
1965
1957
1966
1964
1959
1964
1970
1966
1975
1967
1968
1975
1969
1969
1968
1973
1968
1975
1974
1979
1975
1981
1985
1990
1987
1979
1977
1988
1975
1991
1989
1995
2002
2022
2040
2060
2092
2114
2155
2186
2231
2267
2297
2346
2369
2399
2435
2455
2483
2504
2527
2537
2554
2570
2577
2580
2580
2570
2550
2536
2512
2484
2456
2420
2379
2342
2292
2250
2202
2144
2099
2047
2001
1957
1918
1882
1849
1833
1813
1802
1800
1800
1806
1814
1826
1840
1852
1874
1880
1902
1909
1918
1932
1941
1940
1947
1959
1954
1957
1953
1953
1954
1946
1948
1944
1939
1932
1936
1929
1930
1921
1923
1929
1923
1924
1927
1926
1927
1926
1923
1931
1930
1935
1933
1932
1934
1938
1945
1942
1949
1943
1949
1952
1952
1954
1956
1954
1957
1957
1960
1962
1958
1958
1956
1960
1969
1971
1958
1969
1965
1964
1969
1970
1976
1980
1970
1968
1969
1970
1972
1969
1973
1972
1991
1974
1982
1982
1992
1997
2011
2036
2053
2088
2117
2149
2187
2223
2262
2303
2337
2378
2415
2442
2471
2502
2524
2546
2565
2574
2594
2610
2601
2603
2599
2580
2562
2535
2507
2473
2436
2395
2345
2304
2254
2199
2152
2092
2038
1993
1942
1905
1865
1846
1810
1799
1785
1788
1785
1794
1805
1820
1827
1844
1854
1874
1879
1907
1909
1918
1931
1937
1941
1940
1943
1947
1947
1945
1950
1938
1938
1939
1933
1930
1932
1925
1921
1923
1924
1922
1922
1919
1923
1921
1924
1916
1926
1924
1929
1937
1932
1940
1934
1942
1935
1937
1945
1945
1941
1945
1953
1946
1951
1950
1954
1944
1962
1959
1955
1948
1957
1958
1958
1960
1957
1966
1967
1972
1970
1972
1969
1973
1967
1968
1972
1971
1974
1975
1968
1966
1971
1968
1974
1983
1971
1979
1992
2006
2024
2045
2075
2107
2147
2173
2211
2256
2296
2334
2376
2403
2436
2463
2491
2518
2539
2562
2576
2589
2597
2598
2601
2588
2577
2564
2542
2513
2474
2436
2402
2351
2302
2257
2196
2137
2090
2036
1978
1934
1897
1862
1839
1828
1803
1803
1805
1800
1813
1824
1828
1849
1860
1875
1890
1901
1913
1922
1923
1934
1946
1949
1957
1946
1949
1942
1941
1941
1937
1937
1935
1934
1930
1923
1929
1930
1918
1922
1919
1924
1917
1923
1915
1924
1924
1930
1921
1933
1923
1944
1940
1938
1940
1946
1946
1943
1947
1945
1949
1956
1953
1956
1955
1954
1952
1952
1959
1950
1956
1957
1960
1958
1972
1968
1972
1970
1967
1970
1972
1968
1972
1977
1964
1966
1972
1973
1973
1973
1971
1976
1997
2005
2017
2043
2072
2109
2144
2188
2222
2258
2302
2347
2380
2420
2442
2473
2500
2528
2549
2565
2584
2595
2594
2592
2584
2574
2554
2532
2503
2475
2430
2401
2354
2310
2260
2214
2159
2104
2055
2004
1965
1922
1892
1857
1830
1814
1804
1792
1789
1788
1803
1812
1827
1833
1851
1861
1875
1891
1902
1918
1916
1924
1932
1943
1943
1948
1938
1943
1930
1939
1937
1930
1929
1925
1921
1918
1918
1920
1916
1916
1915
1918
1918
1915
1921
1921
1929
1925
1919
1924
1926
1931
1929
1937
1932
1940
1938
1940
1932
1940
1945
1950
1946
1948
1950
1946
1950
1951
1957
1953
1962
1958
1956
1953
1961
1955
1959
1966
1957
1957
1966
1960
1960
1964
1965
1970
1970
1968
1964
1972
1965
1973
1971
1970
1972
1977
1983
1989
2009
2028
2048
2069
2105
2140
2178
2220
2256
2303
2335
2371
2410
2443
2470
2494
2521
2544
2561
2568
2579
2586
2587
2583
2569
2556
2531
2505
2471
2447
2402
2356
2307
2258
2217
2160
2112
2058
2012
1955
1924
1881
1861
1829
1807
1801
1799
1795
1798
1809
1812
1829
1839
1857
1871
1880
1893
1901
1912
1918
1925
1937
1935
1940
1935
1946
1946
1944
1944
1939
1932
1935
1938
1930
1929
1930
1925
1921
1912
1921
1926
1920
1918
1916
1926
1926
1927
1927
1937
1934
1935
1934
1939
1940
1941
1942
1944
1947
1946
1953
1950
1951
1954
1963
1962
1959
1961
1954
1965
1961
1960
1964
1969
1965
1961
1967
1966
1967
1964
1962
1967
1960
1964
1971
1971
1974
1974
1971
1969
1979
1971
1973
1980
1978
1976
1990
1988
2011
2016
2036
2055
2088
2117
2148
2185
2225
2262
2295
2333
2361
2390
2410
2438
2460
2474
2487
2501
2517
2520
2520
2516
2507
2493
2481
2448
2429
2402
2364
2320
2291
2243
2197
2148
2099
2054
2013
1968
1928
1903
1883
1865
1846
1840
1842
1844
1848
1860
1863
1870
1881
1899
1903
1920
1925
1933
1935
1952
1948
1954
1958
1958
1963
1961
1952
1951
1951
1951
1948
1948
1948
1946
1944
1945
1938
1935
1939
1939
1933
1939
1943
1939
1938
1944
1945
1941
1944
1951
1946
1947
1957
1953
1956
1950
1961
1951
1958
1956
1961
1961
1961
1966
1968
1962
1964
1961
1969
1972
1971
1970
1969
1967
1972
1975
1977
1980
1970
1976
1971
1976
1976
1981
1976
1980
1978
1969
1981
1973
1987
1987
1997
2003
2024
2050
2070
2094
2127
2160
2193
2227
2274
2295
2330
2362
2384
2414
2435
2458
2466
2476
2495
2490
2497
2502
2497
2483
2471
2457
2431
2406
2375
2334
2306
2258
2223
2179
2141
2088
2047
2003
1974
1933
1905
1877
1871
1851
1846
1845
1843
1843
1846
1852
1864
1884
1883
1900
1906
1922
1923
1942
1936
1948
1948
1951
1956
1950
1945
1953
1955
1954
1946
1951
1955
1946
1936
1943
1940
1938
1939
1941
1941
1937
1938
1945
1942
1940
1936
1942
1938
1946
1947
1942
1946
1942
1949
1951
1957
1957
1958
1955
1960
1961
1965
1968
1961
1965
1967
1966
1966
1969
1969
1964
1968
1965
1979
1971
1976
1971
1972
1972
1972
1977
1973
1978
1980
1975
1982
1986
1976
1981
1980
1976
1976
1983
1985
1984
1992
1997
2018
2033
2053
2072
2102
2126
2169
2198
2242
2269
2305
2334
2364
2392
2411
2431
2452
2465
2478
2494
2500
2508
2506
2506
2495
2488
2470
2455
2426
2395
2362
2333
2294
2259
2204
2159
2117
2068
2030
1990
1961
1928
1899
1876
1858
1843
1845
1837
1842
1845
1857
1860
1878
1890
1900
1914
1918
1930
1937
1939
1949
1961
1956
1963
1964
1964
1963
1958
1959
1955
1949
1947
1946
1943
1945
1940
1944
1931
1942
1943
1936
1935
1935
1944
1942
1951
1950
1947
1950
1956
1955
1949
1954
1957
1954
1960
1955
1961
1968
1968
1965
1968
1961
1962
1965
1961
1968
1970
1967
1970
1970
1974
1971
1972
1974
1968
1972
1974
1975
1977
1981
1976
1976
1979
1980
1984
1988
1987
1981
1979
1988
1987
1977
1987
1983
1980
1986
2002
2007
2019
2036
2063
2094
2113
2153
2186
2213
2256
2283
2308
2346
2371
2398
2426
2448
2464
2476
2486
2501
2506
2508
2508
2499
2492
2481
2465
2441
2414
2381
2355
2308
2278
2228
2193
2142
2100
2050
2012
1975
1940
1910
1886
1864
1861
1842
1840
1840
1849
1853
1859
1879
1877
1896
1900
1916
1917
1934
1936
1950
1955
1960
1958
1965
1965
1960
1966
1957
1957
1950
1953
1956
1952
1952
1948
1943
1941
1944
1937
1936
1937
1942
1937
1938
1944
1948
1951
1952
1949
1946
1954
1959
1960
1961
1965
1970
1967
1972
1967
1964
1974
1967
1974
1973
1973
1969
1975
1973
1974
1969
1972
1966
1968
1972
1975
1976
1973
1974
1974
1968
1972
1978
1977
1981
1973
1980
1986
1980
1981
1982
1977
1982
1986
1988
1996
2001
2021
2034
2047
2076
2107
2137
2171
2199
2234
2278
2301
2331
2345
2380
2398
2421
2434
2450
2456
2463
2469
2466
2463
2464
2445
2438
2422
2400
2374
2344
2316
2271
2236
2194
2155
2110
2071
2033
1999
1965
1937
1909
1896
1883
1873
1870
1866
1875
1874
1892
1888
1905
1912
1926
1927
1938
1939
1953
1950
1958
1958
1965
1958
1969
1964
1960
1964
1955
1962
1956
1953
1954
1951
1947
1958
1951
1953
1954
1948
1948
1950
1951
1949
1947
1943
1950
1948
1954
1961
1960
1957
1957
1954
1968
1961
1967
1971
1969
1964
1966
1970
1972
1967
1965
1975
1972
1974
1969
1977
1976
1975
1975
1973
1984
1973
1980
1980
1977
1976
1985
1981
1983
1973
1980
1984
1982
1977
1980
1988
1986
1984
1989
2000
2013
2025
2049
2080
2112
2141
2177
2213
2238
2285
2307
2335
2369
2395
2421
2435
2452
2460
2474
2485
2491
2489
2500
2492
2476
2465
2444
2424
2400
2368
2342
2306
2267
2220
2182
2142
2098
2065
2019
1987
1944
1922
1894
1882
1866
1861
1848
1855
1850
1860
1874
1879
1894
1902
1910
1911
1928
1934
1946
1953
1951
1953
1961
1959
1963
1954
1961
1960
1949
1953
1954
1949
1946
1940
1941
1941
1936
1945
1943
1944
1936
1939
1940
1938
1942
1942
1951
1945
1943
1949
1950
1957
1962
1954
1964
1961
1967
1963
1962
1957
1964
1964
1963
1969
1968
1968
1978
1969
1970
1968
1968
1974
1978
1978
1976
1978
1978
1984
1981
1977
1979
1976
1973
1980
1981
1982
1986
1982
1986
1979
1989
1991
1981
1979
1989
1989
1997
2005
2016
2036
2061
2085
2117
2146
2181
2219
2248
2291
2320
2358
2382
2406
2429
2446
2470
2485
2496
2510
2521
2513
2523
2513
2507
2487
2473
2446
2421
2391
2357
2322
2287
2247
2210
2162
2116
2066
2032
1992
1954
1918
1891
1872
1859
1851
1848
1845
1842
1848
1859
1867
1885
1887
1902
1910
1927
1933
1942
1946
1955
1961
1955
1961
1963
1958
1960
1944
1955
1957
1950
1950
1943
1940
1946
1947
1941
1945
1946
1946
1941
1941
1943
1943
1939
1938
1943
1947
1949
1950
1949
1956
1952
1955
1958
1953
1957
1962
1961
1960
1962
1962
1965
1965
1964
1974
1972
1972
1969
1975
1973
1973
1971
1969
1972
1975
1971
1979
1970
1969
1975
1972
1980
1974
1972
1972
1977
1977
1976
1977
1984
1977
1982
1984
1999
2002
2019
2039
2058
2091
2112
2151
2188
2221
2263
2301
2332
2357
2385
2412
2432
2454
2475
2485
2501
2509
2509
2516
2517
2507
2492
2480
2466
2441
2413
2382
2357
2309
2276
2234
2193
2138
2093
2058
2014
1975
1937
1909
1880
1860
1845
1842
1837
1843
1842
1849
1855
1867
1880
1891
1897
1906
1919
1935
1944
1944
1946
1952
1962
1951
1963
1955
1960
1957
1957
1953
1958
1953
1947
1951
1945
1944
1935
1941
1943
1940
1940
1943
1941
1941
1940
1944
1946
1950
1947
1948
1946
1949
1948
1948
1952
1958
1958
1953
1956
1960
1964
1961
1962
1960
1971
1966
1969
1974
1969
1969
1966
1975
1972
1974
1979
1980
1982
1979
1976
1983
1985
1981
1979
1982
1981
1983
1988
1979
1979
1981
1986
1990
2000
2008
2025
2053
2075
2096
2139
2173
2206
2243
2268
2309
2332
2362
2389
2412
2427
2438
2453
2463
2470
2477
2475
2474
2467
2452
2435
2422
2405
2373
2345
2316
2278
2231
2197
2151
2101
2067
2031
1989
1959
1925
1901
1884
1868
1864
1866
1863
1866
1872
1887
1891
1901
1914
1909
1929
1934
1945
1946
1954
1956
1958
1963
1965
1970
1964
1965
1955
1955
1964
1957
1957
1961
1951
1953
1950
1945
1945
1943
1947
1946
1944
1945
1948
1949
1951
1946
1946
1949
1945
1952
1954
1955
1963
1957
1959
1963
1962
1965
1969
1959
1959
1963
1965
1966
1966
1964
1967
1978
1967
1975
1976
1971
1977
1978
1976
1981
1981
1972
1983
1976
1977
1984
1978
1977
1981
1972
1989
1976
1987
1985
1988
1994
2009
2021
2039
2060
2092
2122
2149
2185
2226
2271
2297
2346
2364
2405
2424
2450
2479
2501
2517
2532
2543
2548
2553
2554
2537
2525
2516
2489
2465
2435
2407
2372
2331
2298
2253
2202
2153
2108
2064
2017
1975
1936
1909
1880
1856
1845
1842
1832
1832
1831
1837
1847
1856
1868
1881
1895
1907
1917
1922
1936
1938
1939
1947
1953
1955
1959
1956
1955
1958
1949
1948
1954
1948
1941
1936
1936
1933
1929
1928
1933
1930
1932
1931
1932
1926
1938
1936
1946
1936
1952
1945
1946
1953
1948
1940
1952
1949
1954
1952
1951
1960
1961
1964
1963
1964
1968
1961
1960
1959
1965
1957
1964
1958
1970
1967
1968
1962
1977
1971
1970
1975
1974
1973
1974
1981
1973
1976
1981
1978
1975
1978
1985
1980
1984
1992
1989
2006
2012
2034
2057
2095
2116
2157
2200
2238
2277
2317
2352
2392
2422
2452
2486
2509
2532
2552
2569
2584
2593
2602
2593
2588
2575
2553
2535
2504
2473
2437
2406
2360
2316
2274
2228
2179
2120
2077
2021
1979
1937
1905
1874
1844
1833
1814
1806
1808
1816
1821
1821
1835
1854
1865
1876
1887
1902
1910
1916
1931
1927
1931
1945
1948
1938
1955
1942
1941
1940
1944
1933
1940
1931
1932
1931
1926
1924
1926
1917
1918
1916
1918
1927
1927
1922
1923
1924
1934
1930
1931
1932
1943
1939
1949
1942
1941
1940
1951
1946
1948
1944
1948
1947
1948
1950
1954
1951
1957
1953
1962
1962
1960
1964
1959
1964
1960
1970
1968
1967
1966
1976
1976
1974
1977
1976
1976
1976
1986
1974
1983
1975
1983
1977
1977
1982
1989
1994
1998
2012
2033
2054
2084
2124
2143
2192
2228
2264
2308
2343
2376
2411
2434
2472
2498
2523
2540
2558
2572
2583
2581
2583
2574
2571
2544
2526
2496
2463
2429
2394
2349
2301
2266
2205
2160
2103
2053
2006
1959
1921
1881
1860
1828
1818
1815
1806
1809
1814
1815
1834
1846
1856
1871
1891
1895
1910
1921
1933
1936
1938
1949
1954
1957
1951
1953
1956
1951
1945
1952
1946
1949
1941
1934
1936
1934
1926
1926
1934
1932
1929
1930
1928
1927
1929
1933
1925
1934
1933
1931
1930
1936
1940
1938
1942
1945
1936
1946
1949
1948
1957
1949
1957
1960
1957
1967
1960
1959
1965
1968
1960
1968
1968
1967
1968
1969
1981
1970
1975
1968
1968
1967
1968
1975
1976
1973
1971
1972
1974
1973
1974
1983
1984
2002
2002
2017
2042
2071
2098
2129
2166
2203
2238
2282
2320
2349
2384
2421
2448
2472
2489
2503
2526
2537
2543
2545
2544
2545
2528
2502
2487
2462
2436
2398
2360
2316
2280
2236
2183
2139
2094
2038
1994
1959
1921
1890
1865
1848
1833
1835
1826
1829
1826
1845
1852
1861
1869
1886
1893
1901
1917
1923
1932
1936
1941
1943
1945
1945
1947
1950
1948
1956
1953
1943
1946
1943
1944
1934
1939
1928
1930
1934
1926
1926
1933
1935
1926
1929
1936
1934
1931
1933
1934
1930
1937
1941
1939
1944
1952
1947
1944
1949
1950
1953
1956
1957
1958
1958
1960
1961
1961
1959
1953
1964
1960
1966
1958
1961
1967
1964
1968
1973
1974
1970
1976
1973
1978
1973
1978
1976
1977
1977
1973
1982
1988
1977
1984
1983
1986
1995
2009
2020
2044
2070
2097
2130
2170
2205
2242
2281
2317
2354
2396
2430
2452
2478
2512
2533
2554
2566
2582
2589
2584
2586
2576
2561
2542
2518
2490
2458
2423
2383
2345
2300
2261
2205
2156
2103
2053
2011
1969
1930
1892
1863
1838
1819
1813
1806
1799
1807
1808
1818
1827
1847
1861
1870
1889
1899
1908
1915
1924
1933
1943
1938
1949
1943
1949
1943
1948
1940
1941
1943
1936
1936
1938
1931
1925
1927
1925
1921
1924
1921
1925
1927
1921
1927
1936
1935
1932
1936
1940
1932
1942
1944
1938
1945
1951
1946
1946
1945
1960
1953
1959
1956
1953
1955
1957
1956
1955
1958
1953
1957
1961
1961
1958
1967
1964
1967
1969
1973
1963
1972
1962
1966
1968
1972
1972
1973
1977
1979
1975
1980
1976
1976
1975
1978
1977
1980
1985
1996
2007
2023
2037
2063
2089
2129
2165
2201
2237
2276
2313
2341
2377
2407
2433
2458
2486
2509
2520
2530
2548
2551
2558
2557
2549
2535
2516
2491
2463
2429
2398
2360
2324
2281
2228
2181
2144
2086
2036
1995
1956
1922
1885
1858
1836
1825
1813
1810
1810
1817
1832
1835
1847
1861
1875
1882
1893
1900
1915
1917
1925
1928
1938
1943
1942
1942
1944
1942
1945
1943
1940
1942
1942
1940
1940
1936
1937
1935
1936
1933
1931
1929
1932
1940
1934
1941
1934
1938
1939
1937
1944
1945
1940
1942
1946
1953
1947
1949
1951
1954
1958
1950
1956
1959
1960
1956
1959
1960
1963
1967
1964
1965
1964
1972
1970
1971
1971
1976
1975
1982
1971
1975
1976
1975
1972
1973
1975
1977
1976
1980
1977
1977
1982
1979
1977
1987
1996
2010
2021
2046
2069
2102
2130
2168
2198
2244
2267
2305
2340
2366
2384
2413
2422
2448
2460
2468
2468
2482
2487
2482
2474
2469
2453
2432
2416
2384
2356
2312
2284
2238
2201
2159
2114
2064
2030
1993
1957
1918
1904
1888
1865
1865
1855
1857
1862
1872
1865
1874
1890
1897
1908
1922
1922
1941
1944
1949
1949
1954
1957
1960
1965
1955
1955
1957
1958
1953
1953
1948
1960
1951
1948
1949
1948
1947
1952
1949
1943
1949
1945
1947
1960
1954
1947
1951
1954
1957
1956
1954
1960
1966
1964
1965
1966
1957
1965
1961
1967
1968
1973
1968
1974
1965
1976
1974
1975
1974
1975
1976
1974
1981
1976
1976
1978
1981
1975
1974
1973
1980
1977
1980
1978
1988
1979
1983
1985
1987
1988
1999
2008
2017
2044
2075
2101
2124
2167
2209
2241
2282
2315
2357
2383
2408
2432
2458
2479
2497
2502
2520
2523
2533
2527
2527
2510
2501
2481
2460
2435
2404
2365
2333
2289
2253
2203
2155
2115
2063
2014
1983
1943
1911
1889
1868
1849
1844
1836
1830
1834
1839
1850
1857
1870
1883
1890
1907
1912
1930
1938
1939
1936
1950
1950
1961
1957
1953
1953
1958
1950
1960
1949
1955
1940
1949
1949
1948
1944
1938
1940
1938
1940
1932
1933
1930
1942
1937
1940
1940
1945
1940
1951
1954
1955
1955
1956
1959
1957
1951
1950
1960
1961
1968
1956
1961
1956
1964
1967
1961
1968
1960
1962
1966
1973
1973
1974
1978
1980
1977
1981
1985
1978
1983
1983
1981
1981
1977
1977
1983
1986
1981
1977
1978
1976
1993
1994
2005
2017
2043
2070
2099
2133
2170
2210
2246
2290
2324
2358
2399
2426
2458
2483
2500
2522
2533
2559
2573
2575
2578
2578
2565
2549
2534
2507
2481
2451
2415
2375
2329
2285
2248
2192
2153
2100
2048
2000
1956
1911
1885
1860
1838
1826
1817
1822
1814
1829
1831
1849
1856
1884
1889
1906
1903
1912
1929
1932
1940
1939
1944
1940
1943
1938
1942
1946
1945
1936
1940
1935
1936
1939
1930
1933
1933
1931
1928
1929
1931
1933
1931
1933
1934
1935
1930
1930
1932
1934
1931
1940
1938
1948
1954
1945
1950
1950
1956
1947
1953
1952
1952
1957
1956
1957
1967
1957
1961
1965
1963
1970
1966
1966
1963
1969
1973
1975
1969
1973
1972
1973
1970
1981
1976
1969
1972
1972
1972
1970
1976
1971
1967
1982
1984
1992
2010
2025
2058
2085
2117
2155
2197
2230
2285
2313
2352
2388
2423
2455
2473
2508
2525
2548
2560
2571
2579
2583
2581
2568
2564
2548
2519
2487
2458
2420
2376
2328
2295
2250
2203
2144
2096
2042
1996
1948
1910
1875
1847
1828
1815
1812
1802
1812
1818
1829
1843
1849
1860
1876
1889
1899
1912
1927
1934
1943
1952
1955
1966
1964
1957
1960
1965
1960
1957
1955
1950
1946
1943
1931
1935
1928
1935
1931
1932
1926
1928
1932
1926
1926
1924
1931
1932
1933
1934
1944
1938
1949
1945
1944
1944
1949
1951
1950
1958
1953
1957
1958
1967
1957
1959
1961
1956
1961
1962
1964
1966
1967
1965
1965
1973
1967
1973
1970
1974
1971
1971
1968
1972
1975
1969
1966
1974
1982
1990
1994
2008
2028
2055
2082
2123
2156
2202
2239
2277
2316
2352
2381
2415
2445
2473
2483
2510
2530
2545
2544
2547
2546
2538
2526
2504
2483
2454
2421
2386
2356
2304
2262
2215
2169
2122
2069
2022
1973
1939
1908
1881
1859
1842
1831
1829
1831
1835
1832
1842
1864
1872
1885
1897
1907
1924
1928
1936
1948
1954
1953
1958
1968
1957
1959
1949
1951
1941
1949
1935
1936
1939
1929
1929
1932
1935
1928
1934
1929
1934
1935
1936
1934
1934
1936
1936
1934
1945
1941
1947
1940
1945
1949
1945
1949
1948
1950
1950
1951
1955
1951
1955
1956
1958
1970
1969
1961
1969
1964
1972
1965
1972
1970
1975
1973
1970
1973
1969
1972
1970
1976
1970
1970
1972
1973
1975
1971
1979
1978
1986
2001
2021
2045
2074
2105
2144
2187
2227
2274
2310
2361
2404
2434
2469
2503
2536
2564
2593
2605
2629
2629
2640
2630
2630
2607
2588
2565
2534
2504
2469
2428
2385
2341
2293
2241
2187
2148
2088
2037
1986
1947
1904
1868
1837
1815
1800
1788
1792
1789
1789
1797
1813
1825
1841
1855
1866
1879
1894
1901
1916
1918
1932
1931
1941
