1984
1999
2012
2013
2017
2016
2007
2013
2003
1998
1992
1978
1975
1960
1960
1941
1940
1933
1920
1921
1907
1910
1904
1899
1902
1891
1898
1892
1895
1897
1900
1906
1900
1909
1911
1913
1918
1916
1925
1927
1933
1937
1932
1944
1936
1948
1944
1951
1951
1947
1957
1953
1960
1960
1955
1961
1956
1964
1956
1959
1959
1952
1957
1952
1958
1957
1963
1972
1980
2013
2036
2080
2128
2180
2248
2310
2389
2452
2523
2582
2626
2671
2682
2696
2690
2665
2640
2588
2545
2479
2421
2358
2285
2228
2160
2106
2051
2001
1961
1917
1895
1864
1849
1832
1813
1806
1795
1801
1797
1799
1808
1813
1834
1840
1861
1879
1892
1916
1926
1950
1961
1980
1994
2002
2020
2020
2031
2029
2030
2024
2021
2024
2012
2006
2000
1984
1981
1965
1960
1946
1937
1933
1919
1917
1906
1908
1900
1896
1898
1888
1894
1889
1892
1894
1890
1899
1895
1905
1902
1908
1912
1909
1922
1917
1929
1933
1930
1938
1938
1947
1944
1947
1954
1949
1961
1953
1960
1960
1961
1963
1955
1963
1959
1961
1961
1954
1959
1952
1957
1952
1955
1963
1972
2000
2018
2060
2103
2151
2218
2275
2351
2413
2480
2538
2579
2627
2642
2659
2656
2635
2614
2569
2529
2468
2416
2352
2282
2225
2157
2106
2049
1996
1953
1909
1887
1852
1836
1817
1798
1795
1784
1789
1788
1798
1810
1815
1841
1849
1876
1897
1916
1943
1957
1986
1998
2016
2031
2039
2053
2052
2062
2061
2060
2057
2045
2046
2026
2020
2012
1995
1989
1972
1968
1950
1944
1936
1921
1925
1910
1910
1902
1900
1902
1892
1898
1893
1901
1903
1900
1910
1907
1917
1918
1922
1931
1929
1942
1939
1946
1950
1951
1957
1953
1962
1960
1962
1963
1959
1968
1960
1968
1967
1971
1981
1988
2012
2029
2068
2112
2156
2222
2277
2353
2420
2487
2554
2598
2652
2677
2697
2700
2686
2667
2624
2584
2526
2466
2401
2326
2270
2197
2141
2077
2020
1981
1930
1900
1864
1842
1825
1804
1802
1784
1789
1788
1790
1804
1805
1833
1843
1864
1884
1902
1926
1942
1967
1983
2001
2020
2023
2042
2044
2051
2053
2048
2050
2037
2037
2022
2018
2008
1988
1985
1968
1961
1948
1937
1933
1916
1918
1904
1905
1900
1892
1893
1888
1893
1890
1893
1896
1891
1903
1899
1906
1909
1907
1919
1917
1930
1931
1937
1942
1941
1951
1947
1958
1958
1959
1964
1956
1969
1964
1968
1968
1965
1970
1964
1969
1966
1969
1978
1982
2010
2030
2070
2114
2163
2235
2299
2381
2455
2531
2604
2661
2718
2745
2771
2772
2755
2735
2685
2645
2581
2520
2455
2377
2315
2237
2181
2118
2065
2021
1974
1949
1913
1893
1872
1847
1838
1823
1822
1808
1812
1813
1811
1825
1825
1838
1852
1863
1883
1888
1917
1925
1944
1960
1970
1992
1993
2007
2010
2012
2014
2007
2012
2000
1997
1993
1976
1974
1958
1957
1943
1935
1929
1913
1917
1899
1902
1898
1889
1892
1882
1887
1880
1887
1883
1879
1890
1887
1892
1892
1896
1901
1898
1908
1905
1915
1921
1919
1927
1925
1937
1933
1937
1942
1939
1948
1942
1951
1949
1945
1954
1945
1955
1950
1957
1964
1970
1995
2019
2061
2102
2162
2227
2294
2379
2450
2531
2601
2654
2708
2733
2757
2746
2739
2711
2662
2621
2550
2489
2415
2343
2279
2201
2147
2082
2033
1987
1937
1908
1875
1856
1831
1812
1797
1785
1789
1776
1783
1785
1784
1804
1809
1831
1847
1864
1884
1897
1929
1938
1964
1979
1992
2013
2014
2029
2029
2037
2038
2031
2036
2022
2024
2012
2001
1993
1978
1979
1964
1960
1951
1938
1940
1928
1929
1924
1921
1919
1912
1921
1913
1921
1912
1916
1924
1917
1927
1921
1927
1931
1927
1936
1931
1939
1939
1938
1943
1938
1951
1946
1950
1951
1947
1952
1944
1953
1948
1954
1961
1962
1989
2004
2044
2086
2137
2210
2273
2360
2431
2515
2589
2642
2701
2726
2753
2752
2736
2713
2662
2624
2560
2497
2427
2351
2283
2204
2144
2080
2027
1976
1924
1896
1857
1834
1811
1787
1782
1764
1765
1756
1757
1762
1761
1778
1780
1800
1814
1825
1850
1858
1888
1901
1925
1945
1959
1977
1981
1999
2004
2010
2013
2008
2015
2004
2002
1992
1980
1977
1958
1958
1943
1934
1929
1911
1910
1893
1896
1888
1883
1883
1872
1880
1873
1879
1879
1879
1888
1882
1893
1892
1899
1907
1903
1916
1917
1929
1928
1932
1944
1942
1956
1952
1958
1965
1959
1966
1961
1968
1969
1965
1968
1958
1967
1959
1964
1965
1965
1976
1984
2010
2039
2084
2135
2194
2276
2347
2436
2515
2585
2658
2708
2758
2775
2787
2774
2744
2714
2652
2604
2538
2463
2395
2312
2247
2172
2112
2054
1999
1959
1910
1886
1854
1832
1815
1793
1788
1773
1776
1774
1769
1780
1779
1799
1806
1823
1842
1854
1881
1891
1915
1932
1949
1972
1974
1999
2001
2012
2017
2013
2017
2010
2016
2005
1998
1990
1972
1972
1958
1948
1938
1926
1922
1908
1909
1896
1897
1894
1890
1897
1890
1896
1896
1896
1902
1894
1907
1903
1909
1913
1912
1921
1921
1927
1928
1934
1936
1935
1947
1944
1952
1955
1951
1960
1953
1963
1956
1960
1959
1954
1961
1955
1957
1955
1952
1956
1945
1952
1940
1949
1950
1950
1962
1971
2001
2031
2073
2135
2193
2277
2349
2437
2520
2593
2670
2717
2766
2785
2792
2783
2748
2720
2659
2600
2530
2456
2385
2297
2238
2160
2099
2042
1984
1942
1896
1871
1839
1813
1798
1775
1775
1760
1761
1763
1761
1773
1775
1795
1803
1822
1838
1853
1882
1893
1916
1933
1952
1973
1976
1998
2003
2017
2022
2019
2024
2016
2018
2011
2004
1997
1982
1984
1964
1957
1947
1932
1931
1913
1911
1900
1899
1893
1884
1888
1880
1886
1885
1881
1888
1881
1890
1885
1893
1896
1895
1904
1904
1911
1915
1917
1922
1922
1934
1933
1942
1942
1945
1954
1951
1961
1957
1965
1966
1961
1971
1961
1970
1969
1965
1972
1961
1971
1964
1978
1989
2005
2035
2064
2121
2172
2237
2312
2383
2472
2535
2606
2661
2699
2732
2733
2730
2704
2669
2624
2558
2503
2423
2360
2283
2208
2144
2071
2022
1957
1913
1874
1834
1811
1780
1769
1753
1744
1741
1732
1750
1749
1765
1781
1791
1819
1831
1860
1872
1904
1931
1945
1974
1986
2010
2021
2025
2041
2037
2045
2040
2039
2033
2021
2020
2002
1997
1983
1970
1962
1943
1942
1924
1918
1909
1890
1898
1882
1885
1879
1879
1880
1876
1885
1877
1890
1893
1894
1903
1901
1913
1911
1924
1925
1930
1940
1936
1948
1949
1950
1956
1946
1958
1950
1956
1953
1949
1952
1946
1953
1947
1956
1965
1969
1996
2016
2060
2105
2155
2220
2281
2362
2425
2494
2556
2602
2648
2665
2678
2669
2648
2614
2563
2517
2450
2390
2322
2240
2184
2109
2056
1997
1946
1904
1857
1832
1795
1777
1760
1743
1741
1730
1742
1742
1756
1770
1786
1815
1828
1863
1885
1910
1940
1958
1988
2003
2026
2040
2044
2061
2056
2065
2056
2056
2051
2035
2036
2016
2012
2004
1990
1989
1969
1973
1960
1957
1952
1945
1950
1938
1945
1939
1939
1943
1938
1948
1943
1952
1955
1951
1961
1957
1966
1962
1964
1965
1958
1964
1954
1953
1951
1943
1942
1931
1938
1929
1940
1950
1961
1996
2027
2079
2131
2196
2267
2336
2419
2484
2558
2614
2649
2689
2700
2708
2689
2666
2632
2581
2536
2469
2409
2346
2276
2217
2144
2095
2036
1987
1939
1892
1861
1819
1798
1767
1746
1732
1716
1717
1712
1726
1732
1739
1765
1779
1813
1835
1864
1896
1916
1952
1967
1998
2017
2030
2051
2051
2069
2065
2067
2062
2052
2050
2030
2023
2004
1990
1979
1955
1951
1930
1926
1915
1898
1895
1882
1884
1875
1870
1872
1866
1873
1866
1873
1874
1875
1887
1884
1897
1899
1912
1918
1917
1929
1927
1939
1940
1948
1949
1949
1960
1954
1968
1977
1981
2005
2022
2067
2108
2166
2232
2301
2391
2461
2547
2618
2672
2724
2744
2768
2759
2744
2715
2667
2620
2550
2493
2418
2345
2276
2199
2144
2077
2030
1983
1937
1910
1874
1860
1837
1825
1817
1803
1806
1796
1801
1802
1801
1814
1814
1833
1842
1857
1877
1890
1912
1923
1946
1959
1973
1990
1993
2013
2012
2021
2026
2018
2025
2015
2019
2008
2005
1998
1983
1983
1970
1965
1957
1944
1944
1925
1930
1916
1919
1918
1913
1917
1911
1918
1915
1916
1917
1913
1927
1921
1931
1934
1931
1941
1934
1945
1944
1948
1952
1953
1970
1977
2007
2036
2075
2133
2190
2271
2345
2438
2528
2596
2676
2724
2772
2794
2800
2789
2756
2726
2665
2604
2536
2454
2386
2299
2231
2152
2088
2027
1964
1923
1876
1847
1816
1787
1779
1754
1754
1737
1735
1737
1735
1747
1747
1770
1783
1800
1823
1840
1876
1895
1923
1943
1960
1987
1993
2016
2017
2031
2036
2032
2039
2029
2029
2018
2001
1998
1976
1973
1951
1941
1932
1916
1911
1888
1895
1884
1879
1877
1864
1877
1867
1874
1870
1869
1880
1875
1885
1885
1892
1898
1897
1908
1907
1919
1919
1920
1929
1921
1932
1928
1933
1936
1935
1944
1942
1961
1974
1999
2034
2074
2143
2208
2294
2380
2472
2574
2646
2730
2780
2826
2848
2846
2839
2802
2766
2707
2638
2570
2481
2411
2325
2250
2178
2107
2050
1988
1948
1907
1874
1850
1819
1812
1792
1782
1772
1762
1766
1755
1766
1761
1775
1786
1790
1816
1815
1847
1865
1882
1904
1915
1943
1953
1972
1982
1989
2001
1998
2005
1998
1998
1995
1980
1981
1965
1960
1947
1932
1929
1911
1912
1888
1891
1891
1878
1884
1869
1877
1874
1872
1877
1869
1882
1874
1885
1886
1889
1898
1896
1906
1905
1912
1921
1917
1929
1927
1940
1936
1937
1947
1940
1951
1945
1949
1952
1947
1954
1947
1953
1950
1951
1956
1957
1982
1997
2034
2080
2133
2208
2279
2371
2455
2548
2635
2696
2764
2796
2826
2830
2807
2785
2730
2683
2606
2533
2455
2368
2293
2205
2133
2062
1997
1941
1885
1855
1813
1793
1771
1748
1747
1732
1737
1730
1737
1746
1749
1770
1775
1801
1816
1836
1861
1878
1906
1920
1947
1968
1980
2000
2003
2016
2023
2025
2026
2015
2019
2008
2005
1996
1976
1976
1955
1951
1931
1925
1916
1902
1901
1884
1883
1880
1872
1876
1866
1876
1871
1877
1880
1880
1891
1887
1898
1900
1907
1914
1909
1927
1924
1932
1936
1934
1946
1943
1956
1949
1958
1961
1956
1966
1959
1966
1964
1962
1963
1956
1963
1955
1957
1957
1954
1961
1962
1981
1998
2033
2075
2117
2186
2248
2331
2405
2477
2555
2612
2673
2705
2728
2735
2717
2698
2649
2604
2542
2468
2401
2313
2250
2169
2105
2039
1978
1933
1878
1847
1812
1784
1764
1741
1739
1727
1730
1733
1736
1754
1760
1789
1803
1829
1855
1877
1910
1924
1956
1977
1992
2014
2019
2042
2042
2054
2055
2048
2051
2037
2038
2022
2013
2003
1982
1979
1958
1952
1937
1923
1914
1896
1900
1885
1884
1879
1873
1876
1868
1875
1877
1879
1881
1880
1895
1892
1902
1908
1905
1917
1918
1931
1929
1937
1941
1939
1950
1944
1954
1957
1954
1960
1955
1965
1956
1958
1958
1955
1963
1952
1957
1955
1955
1959
1955
1973
1984
2015
2048
2084
2145
2199
2276
2341
2416
2490
2545
2608
2641
2673
2687
2681
2670
2627
2598
2536
2478
2412
2336
2272
2192
2130
2064
2005
1954
1896
1865
1825
1799
1777
1755
1747
1734
1737
1735
1751
1764
1774
1805
1821
1854
1880
1905
1938
1958
1999
2018
2044
2067
2079
2097
2102
2114
2112
2111
2110
2093
2092
2073
2065
2049
2027
2016
1991
1981
1960
1949
1936
1919
1915
1897
1896
1889
1881
1884
1873
1883
1877
1884
1886
1888
1898
1896
1907
1909
1916
1925
1923
1936
1934
1945
1947
1948
1955
1952
1962
1958
1962
1965
1970
1986
1993
2024
2051
2092
2145
2197
2277
2345
2424
2503
2565
2633
2676
2721
2737
2740
2734
2695
2664
2605
2549
2482
2401
2331
2246
2182
2104
2044
1984
1924
1885
1838
1808
1780
1760
1748
1729
1735
1731
1742
1747
1751
1778
1790
1818
1837
1864
1890
1911
1949
1965
1995
2017
2029
2051
2055
2074
2069
2080
2078
2066
2068
2051
2044
2028
2014
2004
1981
1975
1953
1946
1929
1913
1908
1888
1892
1877
1874
1869
1863
1870
1861
1872
1871
1878
1886
1882
1901
1901
1911
1917
1920
1931
1932
1943
1942
1948
1956
1953
1964
1961
1967
1966
1966
1968
1961
1975
1972
1986
2001
2026
2070
2111
2176
2244
2322
2408
2481
2575
2643
2712
2762
2787
2813
2803
2792
2748
2700
2642
2563
2497
2407
2333
2250
2168
2101
2029
1979
1922
1882
1847
1814
1801
1776
1770
1761
1757
1758
1755
1771
1773
1789
1805
1813
1840
1856
1882
1895
1914
1937
1948
1976
1981
2003
2013
2018
2029
2022
2031
2023
2024
2021
2005
2002
1984
1980
1963
1955
1945
1923
1925
1908
1907
1900
1885
1886
1875
1881
1871
1876
1877
1871
1881
1875
1885
1888
1887
1896
1895
1909
1901
1914
1919
1917
1930
1926
1937
1934
1943
1948
1945
1957
1954
1960
1959
1954
1964
1956
1969
1970
1986
2004
2024
2066
2102
2167
2230
2302
2389
2457
2548
2614
2678
2726
2753
2772
2763
2749
2710
2663
2608
2531
2465
2381
2310
2232
2151
2085
2010
1960
1902
1859
1825
1787
1770
1740
1734
1725
1722
1726
1721
1740
1747
1768
1784
1804
1833
1854
1890
1905
1936
1963
1976
2006
2016
2037
2046
2052
2063
2056
2066
2055
2050
2044
2026
2024
2003
1996
1977
1967
1953
1931
1929
1913
1911
1901
1890
1892
1882
1885
1879
1878
1884
1877
1886
1878
1891
1894
1892
1900
1898
1908
1907
1916
1923
1922
1936
1931
1944
1946
1950
1956
1952
1964
1957
1966
1965
1959
1970
1961
1966
1956
1969
1972
1975
1998
2010
2049
2089
2143
2209
2271
2358
2432
2511
2586
2647
2704
2735
2757
2755
2741
2713
2657
2612
2540
2471
2394
2308
2235
2149
2085
2013
1956
1903
1850
1820
1777
1758
1738
1725
1723
1710
1727
1726
1744
1759
1776
1803
1823
1852
1875
1901
1926
1944
1978
1992
2019
2031
2039
2056
2053
2067
2059
2059
2058
2045
2044
2024
2018
2006
1992
1980
1957
1955
1935
1931
1919
1907
1907
1893
1897
1888
1888
1891
1882
1892
1884
1895
1893
1894
1902
1898
1912
1909
1918
1921
1922
1933
1928
1939
1940
1944
1948
1942
1957
1950
1958
1960
1954
1963
1952
1962
1956
1960
1962
1959
1968
1968
1991
2015
2042
2086
2132
2201
2263
2341
2423
2494
2575
2628
2684
2716
2735
2738
2712
2694
2643
2592
2526
2449
2381
2295
2226
2146
2080
2017
1946
1907
1849
1821
1789
1762
1749
1726
1733
1721
1730
1738
1743
1765
1777
1804
1825
1849
1878
1898
1931
1952
1985
2004
2017
2042
2049
2068
2069
2076
2079
2072
2074
2055
2057
2041
2029
2021
1996
1995
1973
1964
1952
1938
1932
1917
1915
1900
1902
1901
1892
1899
1890
1896
1896
1893
1900
1896
1908
1906
1913
1922
1921
1936
1933
1946
1949
1954
1958
1954
1967
1963
1972
1972
1968
1980
1972
1984
1985
2001
2019
2041
2088
2126
2191
2255
2324
2407
2478
2556
2615
2671
2708
2724
2735
2713
2694
2650
2595
2533
2458
2397
2310
2241
2167
2088
2033
1965
1919
1867
1828
1800
1764
1752
1729
1725
1721
1717
1730
1732
1757
1768
1795
1820
1843
1881
1900
1939
1963
1992
2018
2032
2062
2071
2088
2096
2092
2100
2087
2090
2073
2064
2054
2032
2026
2002
1993
1976
1958
1948
1927
1924
1906
1905
1896
1888
1889
1876
1881
1876
1878
1879
1875
1889
1887
1897
1902
1901
1915
1913
1928
1924
1934
1940
1940
1954
1949
1961
1963
1963
1972
1964
1976
1972
1986
1998
2016
2049
2085
2141
2202
2279
2364
2444
2544
2618
2698
2755
2793
2826
2824
2823
2791
2752
2700
2628
2564
2469
2400
2318
2233
2161
2078
2026
1960
1915
1867
1831
1808
1780
1770
1756
1751
1755
1748
1763
1765
1784
1798
1813
1836
1849
1883
1897
1924
1947
1962
1992
1998
2023
2029
2042
2044
2045
2057
2045
2044
2038
2024
2022
2003
2000
1981
1969
1957
1937
1933
1914
1913
1905
1895
1894
1882
1889
1880
1882
1885
1880
1892
1883
1893
1896
1901
1906
1900
1917
1915
1929
1930
1929
1939
1936
1948
1947
1952
1955
1951
1959
1954
1961
1965
1966
1980
1988
2015
2042
2087
2144
2208
2293
2373
2472
2558
2645
2722
2768
2817
2832
2838
2827
2787
2749
2681
2622
2541
2459
2381
2288
2221
2135
2073
2009
1947
1904
1855
1832
1797
1780
1763
1744
1747
1735
1743
1745
1751
1764
1768
1794
1808
1835
1857
1872
1906
1920
1952
1967
1988
2009
2015
2039
2039
2051
2054
2046
2048
2034
2034
2018
2008
1996
1977
1972
1949
1941
1927
1916
1908
1892
1895
1879
1881
1878
1867
1875
1865
1877
1871
1878
1881
1881
1892
1892
1902
1910
1909
1922
1915
1931
1929
1940
1944
1941
1953
1950
1958
1953
1960
1963
1957
1968
1962
1967
1965
1959
1968
1961
1977
1984
2008
2041
2075
2137
2197
2279
2364
2453
2547
2615
2698
2747
2792
2816
2807
2802
2765
2726
2661
2592
2519
2427
2354
2262
2186
2110
2033
1977
1913
1875
1829
1800
1772
1749
1745
1726
1726
1725
1726
1739
1740
1761
1777
1803
1828
1847
1878
1898
1932
1952
1975
2000
2010
2032
2041
2056
2063
2056
2060
2048
2048
2034
2026
2015
1993
1988
1966
1958
1940
1926
1919
1896
1897
1881
1880
1877
1869
1870
1866
1874
1872
1875
1882
1878
1892
1889
1898
1903
1906
1915
1912
1928
1923
1934
1937
1934
1948
1941
1951
1951
1951
1958
1949
1959
1954
1963
1965
1958
1963
1957
1964
1962
1962
1962
1956
1963
1949
1957
1955
1950
1963
1962
1987
2009
2053
2102
2158
2246
2320
2418
2507
2592
2676
2729
2785
2808
2824
2813
2780
2742
2677
2618
2535
2452
2374
2282
2207
2116
2048
1979
1913
1870
1813
1786
1749
1731
1718
1700
1707
1704
1715
1724
1739
1759
1778
1817
1835
1872
1902
1927
1964
1983
2020
2036
2053
2070
2072
2091
2085
2088
2085
2075
2071
2051
2046
2025
2012
1997
1973
1965
1944
1936
1917
1906
1898
1883
1889
1875
1876
1872
1864
1873
1866
1876
1876
1881
1887
1885
1900
1897
1911
1917
1919
1930
1925
1942
1940
1952
1957
1956
1967
1964
1974
1977
1978
1981
1979
1988
1981
1987
1987
1981
1989
1978
1988
1981
1984
1985
1989
2011
2024
2065
2107
2158
2230
2294
2383
2456
2540
2611
2661
2711
2729
2742
2729
2700
2664
2602
2550
2471
2398
2319
2234
2163
2078
2018
1949
1896
1849
1799
1776
1739
1726
1713
1702
1707
1702
1721
1728
1752
1776
1794
1828
1848
1885
1911
1941
1973
1992
2027
2038
2064
2080
2084
2100
2095
2101
2094
2090
2083
2064
2063
2037
2030
2012
1992
1984
1957
1947
1928
1922
1911
1894
1895
1880
1882
1877
1870
1871
1869
1877
1873
1882
1884
1885
1897
1894
1909
1911
1919
1928
1931
1945
1944
1958
1960
1961
1974
1969
1981
1979
1984
1981
1983
1989
1983
1988
1983
1982
1980
1972
1977
1971
1977
1981
1982
2010
2028
2071
2111
2175
2244
2311
2401
2473
2553
2617
2659
2701
2712
2720
2697
2673
2634
2571
2513
2428
2361
2277
2196
2119
2035
1980
1911
1863
1814
1771
1744
1714
1704
1689
1688
1693
1693
1715
1726
1757
1779
1804
1842
1866
1907
1933
1972
2003
2026
2059
2071
2097
2106
2114
2120
2111
2118
2103
2096
2081
2062
2053
2027
2017
1991
1977
1960
1935
1930
1909
1901
1890
1876
1875
1861
1866
1856
1859
1861
1860
1869
1864
1876
1877
1882
1889
1888
1905
1903
1917
1922
1923
1937
1934
1949
1946
1952
1961
1958
1967
1962
1972
1973
1972
1976
1969
1980
1976
1985
2000
2014
2049
2073
2126
2179
2244
2317
2383
2466
2527
2589
2638
2663
2687
2680
2672
2634
2595
2543
2472
2414
2329
2260
2186
2105
2040
1966
1915
1856
1812
1774
1740
1724
1694
1693
1687
1687
1699
1703
1730
1743
1775
1803
1825
1864
1886
1925
1949
1979
2008
2024
2055
2064
2085
2094
2095
2103
2094
2097
2085
2078
2069
2049
2045
2025
2017
1998
1983
1972
1953
1948
1930
1925
1916
1903
1903
1890
1898
1889
1892
1892
1885
1900
1890
1901
1908
1906
1915
1913
1926
1922
1932
1938
1939
1951
1944
1956
1957
1962
1966
1963
1974
1970
1980
1987
1992
2013
2032
2074
2108
2164
2227
2290
2374
2438
2516
2581
2628
2671
2684
2697
2681
2660
2621
2564
2513
2434
2370
2292
2215
2143
2066
2007
1938
1889
1842
1791
1766
1731
1713
1699
1694
1695
1694
1717
1720
1751
1776
1801
1838
1861
1905
1932
1969
2004
2025
2061
2078
2104
2115
2124
2133
2126
2134
2122
2118
2106
2086
2077
2053
2045
2021
2006
1991
1968
1961
1937
1933
1924
1911
1909
1895
1898
1892
1895
1897
1893
1903
1899
1910
1910
1919
1923
1922
1936
1930
1943
1948
1943
1955
1948
1964
1964
1979
1991
2008
2051
2081
2141
2205
2275
2363
2436
2528
2597
2666
2718
2748
2774
2768
2760
2724
2679
2624
2550
2485
2399
2324
2243
2156
2092
2016
1960
1902
1853
1815
1773
1757
1729
1723
1714
1709
1720
1720
1737
1754
1779
1808
1828
1867
1889
1926
1952
1979
2010
2027
2057
2068
2087
2100
2100
2106
2097
2103
2088
2082
2063
2049
2043
2018
2009
1989
1970
1961
1938
1934
1916
1914
1907
1892
1897
1887
1895
1891
1890
1891
1889
1905
1897
1906
1915
1914
1924
1921
1935
1933
1942
1944
1944
1957
1952
1964
1976
1985
2013
2034
2084
2132
2203
2284
2365
2465
2547
2642
2716
2773
2821
2842
2864
2846
2824
2785
2724
2667
2581
2512
2425
2344
2264
2177
2115
2041
1991
1938
1893
1863
1822
1808
1781
1771
1765
1754
1759
1754
1767
1773
1780
1801
1809
1840
1852
1878
1899
1918
1947
1958
1987
1997
2013
2027
2027
2044
2039
2047
2044
2031
2035
2018
2018
2001
1995
1985
1965
1960
1940
1937
1925
1917
1907
1894
1899
1885
1889
1888
1880
1889
1882
1891
1890
1897
1904
1900
1917
1910
1921
1926
1923
1934
1929
1937
1932
1943
1946
1943
1953
1949
1965
1973
1990
2017
2049
2110
2169
2252
2340
2430
2531
2613
2701
2766
2822
2860
2866
2870
2841
2809
2755
2686
2622
2535
2464
2372
2293
2219
2139
2080
2012
1972
1925
1885
1859
1825
1817
1791
1785
1773
1760
1764
1756
1764
1762
1775
1784
1794
1820
1828
1856
1877
1891
1917
1932
1961
1967
1982
2003
2002
2013
2008
2016
2014
2010
2006
1989
1994
1978
1976
1965
1948
1945
1925
1923
1907
1901
1895
1881
1885
1871
1877
1877
1870
1876
1867
1879
1874
1880
1884
1882
1895
1887
1900
1905
1910
1919
1915
1933
1929
1944
1946
1945
1958
1955
1967
1964
1966
1971
1962
1970
1961
1968
1965
1960
1965
1955
1969
1968
1989
2013
2038
2102
2155
2245
2328
2425
2526
2605
2696
2758
2814
2851
2856
2858
2829
2799
2737
2671
2604
2515
2443
2352
2276
2202
2129
2069
2002
1964
1914
1881
1856
1824
1815
1790
1782
1769
1760
1756
1747
1759
1757
1773
1787
1793
1820
1831
1860
1876
1899
1926
1936
1967
1972
1988
2004
2001
2017
2010
2018
2009
2009
2006
1991
1990
1972
1968
1953
1943
1936
1920
1921
1905
1904
1898
1889
1891
1880
1889
1882
1884
1888
1884
1893
1888
1899
1903
1906
1913
1911
1923
1924
1931
1938
1934
1946
1943
1955
1952
1957
1958
1956
1968
1960
1966
1966
1959
1965
1957
1965
1962
1970
1983
1996
2036
2071
2135
2205
2281
2379
2460
2559
2630
2704
2761
2788
2820
2812
2803
2770
2720
2672
2596
2537
2455
2386
2318
2235
2178
2107
2065
2009
1970
1933
1894
1876
1846
1831
1814
1794
1792
1775
1784
1774
1779
1790
1793
1817
1826
1855
1874
1893
1920
1937
1968
1978
1999
2017
2017
2033
2026
2039
2030
2027
2023
2005
2005
1983
1975
1961
1943
1938
1912
1908
1890
1885
1877
1865
1868
1853
1859
1853
1847
1850
1844
1856
1849
1854
1858
1854
1866
1865
1876
1877
1885
1892
1892
1911
1909
1923
1929
1934
1946
1942
