1600
1622
1622
1635
1652
1665
1689
1713
1735
1745
1771
1802
1817
1836
1852
1860
1885
1888
1895
1896
1899
1903
1902
1896
1899
1889
1890
1889
1884
1879
1874
1878
1867
1866
1863
1855
1864
1862
1852
1855
1851
1860
1852
1854
1862
1861
1863
1863
1865
1865
1865
1878
1871
1875
1877
1880
1878
1886
1879
1887
1885
1886
1889
1892
1892
1890
1891
1890
1890
1889
1896
1894
1892
1892
1889
1887
1896
1893
1895
1897
1896
1904
1895
1901
1913
1911
1909
1912
1912
1907
1909
1901
1899
1896
1900
1895
1895
1904
1910
1928
1947
1981
2029
2087
2157
2237
2331
2427
2532
2629
2730
2828
2913
2984
3047
3094
3143
3173
3190
3202
3194
3195
3174
3151
3117
3089
3044
2987
2931
2877
2816
2754
2692
2629
2567
2504
2439
2376
2307
2240
2164
2095
2021
1942
1872
1798
1729
1677
1628
1593
1559
1542
1538
1529
1533
1550
1568
1593
1603
1634
1657
1687
1707
1734
1763
1778
1801
1808
1823
1836
1838
1849
1853
1855
1862
1860
1856
1858
1860
1851
1849
1843
1834
1830
1825
1823
1815
1806
1814
1811
1805
1803
1800
1804
1807
1809
1814
1821
1816
1824
1819
1824
1829
1836
1841
1845
1857
1857
1859
1866
1861
1867
1870
1869
1871
1880
1868
1872
1872
1877
1873
1870
1872
1873
1875
1874
1878
1884
1880
1878
1885
1884
1882
1890
1887
1886
1890
1889
1882
1890
1890
1898
1896
1897
1898
1901
1899
1900
1899
1900
1901
1898
1897
1902
1908
1922
1938
1968
2018
2068
2135
2217
2308
2394
2507
2604
2704
2804
2901
2973
3043
3098
3147
3179
3203
3225
3226
3228
3205
3188
3162
3136
3085
3044
2992
2940
2886
2824
2759
2707
2635
2584
2510
2441
2377
2310
2235
2162
2082
2003
1932
1840
1766
1697
1627
1577
1528
1506
1485
1476
1467
1475
1491
1501
1521
1557
1582
1614
1641
1677
1703
1725
1751
1765
1799
1812
1821
1840
1847
1852
1859
1859
1864
1853
1852
1849
1848
1842
1829
1826
1814
1812
1813
1809
1800
1800
1806
1804
1803
1801
1808
1804
1810
1807
1809
1818
1816
1820
1821
1821
1827
1838
1827
1831
1833
1836
1839
1847
1847
1843
1850
1850
1849
1850
1849
1847
1851
1850
1849
1854
1846
1853
1862
1859
1859
1861
1868
1866
1872
1869
1869
1880
1877
1875
1883
1881
1882
1887
1888
1885
1888
1894
1894
1894
1894
1894
1896
1874
1881
1892
1891
1885
1885
1893
1899
1901
1919
1954
1980
2031
2082
2160
2243
2334
2423
2519
2628
2716
2804
2885
2952
3018
3069
3111
3135
3160
3174
3163
3155
3148
3120
3092
3047
3006
2963
2909
2846
2786
2730
2662
2599
2534
2463
2396
2334
2263
2192
2125
2040
1970
1902
1831
1765
1700
1638
1593
1555
1538
1521
1507
1519
1525
1540
1562
1585
1617
1634
1654
1684
1716
1739
1757
1778
1798
1805
1824
1836
1842
1841
1852
1855
1854
1845
1852
1844
1833
1830
1833
1839
1827
1822
1819
1822
1813
1807
1806
1808
1805
1793
1794
1801
1801
1801
1804
1807
1813
1816
1820
1825
1830
1835
1839
1842
1844
1849
1844
1854
1856
1854
1852
1862
1851
1856
1859
1860
1853
1857
1868
1864
1862
1863
1869
1866
1869
1862
1869
1878
1873
1878
1880
1878
1882
1879
1888
1884
1889
1885
1890
1887
1891
1896
1892
1896
1888
1897
1897
1896
1892
1903
1902
1901
1898
1898
1906
1924
1943
1963
1998
2042
2100
2164
2244
2319
2416
2495
2584
2661
2731
2798
2857
2905
2941
2966
2984
2989
2996
2988
2969
2950
2922
2884
2846
2797
2748
2697
2646
2590
2537
2480
2413
2349
2292
2221
2155
2085
2019
1951
1891
1822
1770
1718
1678
1650
1626
1608
1604
1613
1617
1627
1643
1668
1683
1705
1728
1749
1774
1788
1810
1826
1843
1854
1860
1859
1867
1872
1869
1878
1869
1875
1869
1862
1857
1851
1848
1849
1847
1843
1841
1836
1835
1834
1835
1835
1840
1839
1837
1842
1850
1847
1849
1858
1850
1860
1863
1861
1861
1868
1875
1871
1866
1865
1875
1878
1867
1877
1881
1878
1876
1880
1882
1881
1888
1884
1889
1889
1885
1898
1900
1902
1903
1902
1897
1903
1904
1900
1899
1900
1901
1908
1901
1901
1910
1910
1901
1913
1913
1915
1919
1923
1927
1923
1927
1922
1923
1924
1918
1920
1916
1915
1918
1915
1919
1919
1927
1948
1961
1988
2017
2072
2127
2197
2264
2347
2435
2509
2590
2660
2733
2788
2841
2886
2924
2950
2967
2974
2982
2981
2966
2952
2928
2903
2875
2844
2805
2761
2729
2678
2633
2579
2536
2485
2434
2384
2339
2269
2221
2158
2102
2038
1973
1911
1848
1795
1738
1706
1661
1637
1618
1604
1597
1598
1613
1613
1632
1659
1673
1696
1717
1737
1756
1770
1799
1813
1826
1841
1852
1863
1868
1881
1883
1881
1878
1883
1876
1867
1865
1857
1859
1851
1844
1836
1838
1842
1836
1838
1832
1831
1836
1829
1828
1831
1836
1831
1833
1839
1841
1836
1831
1836
1844
1849
1852
1845
1850
1849
1851
1844
1856
1859
1858
1860
1864
1872
1876
1872
1873
1871
1872
1879
1885
1881
1887
1882
1887
1887
1888
1890
1892
1894
1885
1893
1892
1895
1893
1896
1897
1900
1894
1897
1904
1900
1901
1909
1903
1908
1910
1911
1911
1909
1909
1909
1912
1918
1913
1913
1919
1913
1921
1933
1943
1966
1995
2031
2077
2128
2186
2256
2337
2398
2472
2546
2617
2670
2727
2764
2801
2828
2845
2863
2864
2869
2860
2848
2837
2812
2792
2760
2728
2695
2656
2617
2583
2539
2489
2442
2390
2344
2293
2241
2193
2142
2088
2038
1989
1932
1885
1846
1805
1760
1736
1722
1712
1698
1696
1693
1704
1715
1725
1734
1750
1766
1781
1793
1815
1825
1839
1848
1854
1872
1871
1873
1874
1884
1893
1890
1893
1879
1888
1881
1881
1869
1865
1871
1867
1866
1864
1862
1861
1856
1849
1855
1859
1852
1854
1863
1856
1860
1856
1858
1865
1861
1864
1861
1867
1870
1873
1872
1875
1880
1884
1891
1887
1890
1892
1897
1895
1889
1891
1895
1891
1881
1895
1893
1895
1891
1887
1895
1896
1896
1898
1906
1898
1907
1907
1908
1910
1906
1914
1917
1918
1915
1919
1919
1928
1928
1924
1930
1924
1929
1925
1921
1924
1920
1923
1917
1922
1921
1922
1930
1939
1950
1972
2000
2036
2079
2133
2197
2262
2328
2397
2464
2527
2582
2636
2687
2720
2753
2773
2785
2795
2800
2789
2782
2761
2751
2723
2684
2660
2624
2590
2552
2515
2474
2425
2384
2334
2297
2253
2201
2158
2096
2056
1992
1948
1904
1867
1827
1801
1779
1757
1748
1746
1735
1746
1752
1758
1769
1788
1805
1813
1836
1843
1853
1876
1877
1887
1897
1899
1912
1906
1911
1909
1914
1908
1910
1910
1910
1905
1907
1909
1904
1903
1895
1898
1891
1894
1891
1888
1884
1885
1885
1886
1887
1881
1886
1883
1882
1884
1885
1890
1887
1893
1888
1896
1897
1902
1897
1901
1907
1906
1908
1914
1916
1910
1919
1919
1920
1914
1917
1918
1915
1922
1925
1919
1928
1931
1932
1934
1935
1935
1935
1940
1940
1935
1936
1941
1939
1939
1942
1943
1942
1939
1939
1936
1935
1934
1929
1938
1931
1948
1940
1944
1961
1976
2003
2039
2087
2130
2192
2249
2317
2380
2444
2510
2566
2614
2655
2694
2722
2733
2749
2762
2754
2746
2728
2723
2690
2668
2638
2602
2572
2529
2488
2455
2419
2375
2327
2286
2241
2192
2152
2097
2064
2009
1968
1921
1890
1849
1828
1812
1794
1780
1778
1781
1778
1796
1809
1814
1831
1840
1859
1873
1886
1887
1904
1911
1916
1918
1921
1929
1925
1921
1928
1922
1922
1916
1912
1920
1917
1914
1908
1908
1903
1902
1903
1895
1898
1892
1898
1897
1894
1897
1901
1897
1892
1905
1907
1911
1904
1916
1912
1916
1917
1919
1929
1922
1922
1919
1926
1920
1929
1926
1916
1925
1925
1922
1928
1926
1926
1929
1927
1924
1921
1929
1928
1920
1930
1930
1931
1932
1939
1934
1938
1935
1938
1945
1937
1943
1943
1939
1941
1947
1942
1946
1946
1940
1949
1947
1939
1943
1944
1947
1952
1961
1976
1999
2023
2060
2110
2169
2229
2290
2361
2441
2513
2570
2645
2700
2747
2787
2820
2849
2861
2871
2876
2870
2868
2853
2829
2802
2786
2754
2717
2678
2642
2601
2557
2507
2472
2426
2377
2339
2290
2250
2203
2146
2090
2042
1998
1943
1887
1858
1828
1786
1760
1745
1737
1722
1722
1725
1733
1742
1755
1776
1789
1805
1819
1835
1846
1859
1876
1883
1890
1894
1901
1898
1906
1900
1904
1904
1909
1905
1913
1913
1902
1905
1902
1908
1901
1903
1903
1896
1900
1895
1897
1894
1893
1897
1888
1896
1893
1897
1897
1898
1894
1895
1898
1896
1896
1901
1906
1905
1902
1910
1914
1915
1913
1921
1929
1917
1927
1924
1921
1932
1933
1927
1931
1938
1928
1924
1929
1929
1930
1931
1932
1928
1940
1935
1938
1937
1934
1930
1934
1931
1938
1934
1934
1927
1933
1933
1933
1933
1936
1935
1947
1952
1970
1988
2024
2063
2110
2173
2237
2314
2387
2465
2542
2621
2687
2743
2792
2833
2864
2883
2895
2897
2904
2891
2880
2861
2837
2808
2773
2737
2699
2660
2622
2576
2531
2483
2442
2401
2353
2296
2255
2218
2156
2110
2057
2010
1953
1893
1850
1805
1767
1745
1721
1708
1703
1698
1706
1719
1727
1742
1762
1783
1803
1823
1829
1846
1866
1878
1883
1897
1898
1909
1911
1910
1908
1912
1916
1909
1911
1902
1901
1902
1893
1900
1894
1890
1890
1886
1885
1885
1879
1879
1879
1881
1877
1879
1874
1882
1886
1877
1887
1884
1888
1890
1883
1888
1896
1909
1907
1905
1902
1902
1907
1907
1912
1915
1918
1914
1921
1924
1920
1921
1928
1921
1921
1925
1924
1933
1930
1929
1935
1935
1935
1930
1942
1937
1940
1939
1936
1929
1931
1929
1926
1920
1927
1928
1926
1923
1932
1937
1947
1968
1992
2025
2073
2125
2189
2267
2340
2416
2488
2566
2633
2692
2744
2784
2825
2837
2855
2865
2863
2854
2834
2818
2785
2762
2732
2685
2648
2597
2563
2516
2474
2428
2383
2331
2279
2230
2181
2128
2068
2021
1969
1913
1864
1826
1792
1755
1736
1709
1713
1709
1710
1720
1730
1744
1749
1768
1784
1801
1819
1841
1846
1860
1868
1879
1886
1889
1897
1904
1906
1902
1900
1897
1904
1889
1897
1888
1887
1888
1881
1885
1874
1875
1879
1882
1877
1878
1877
1874
1875
1876
1884
1874
1880
1877
1885
1882
1889
1887
1887
1893
1888
1892
1885
1896
1897
1895
1896
1899
1902
1903
1903
1912
1911
1904
1907
1915
1912
1914
1914
1924
1924
1925
1922
1924
1926
1924
1918
1917
1919
1923
1921
1924
1923
1911
1925
1914
1924
1913
1915
1909
1910
1918
1920
1921
1919
1936
1950
1972
1994
2031
2084
2142
2207
2272
2341
2417
2490
2562
2625
2676
2732
2777
2802
2831
2844
2856
2852
2844
2839
2821
2800
2765
2750
2709
2668
2636
2599
2572
2522
2482
2433
2392
2353
2301
2252
2211
2156
2105
2045
2001
1952
1896
1842
1794
1757
1720
1697
1669
1662
1648
1646
1653
1662
1682
1689
1712
1732
1748
1773
1795
1804
1820
1835
1857
1869
1877
1883
1888
1886
1898
1892
1893
1895
1888
1879
1886
1881
1873
1865
1861
1861
1860
1854
1848
1852
1851
1855
1852
1850
1858
1856
1859
1860
1866
1866
1870
1871
1861
1876
1874
1880
1873
1883
1889
1893
1891
1889
1902
1899
1903
1894
1897
1904
1904
1905
1904
1903
1905
1906
1909
1912
1909
1916
1901
1910
1909
1910
1911
1905
1911
1912
1906
1904
1907
1914
1909
1910
1910
1912
1917
1908
1909
1914
1918
1916
1912
1931
1943
1949
1975
2002
2038
2079
2128
2192
2249
2314
2370
2442
2498
2547
2593
2633
2662
2686
2718
2723
2722
2735
2733
2717
2700
2682
2663
2634
2598
2569
2546
2506
2476
2443
2403
2371
2331
2295
2252
2216
2174
2137
2090
2045
1997
1947
1896
1847
1815
1777
1754
1733
1717
1711
1706
1706
1708
1721
1727
1744
1753
1779
1788
1813
1828
1834
1856
1861
1877
1890
1897
1907
1910
1915
1910
1921
1924
1917
1913
1904
1910
1901
1890
1893
1886
1887
1881
1882
1876
1883
1881
1877
1880
1882
1877
1888
1883
1885
1880
1890
1888
1895
1898
1904
1906
1901
1910
1910
1911
1914
1921
1917
1914
1918
1919
1924
1924
1922
1920
1923
1925
1925
1933
1935
1930
1936
1935
1932
1932
1937
1942
1933
1939
1935
1943
1946
1944
1941
1953
1943
1936
1939
1936
1941
1939
1937
1944
1953
1962
1964
1984
2011
2045
2089
2140
2193
2250
2317
2378
2444
2497
2560
2602
2641
2684
2706
2729
2746
2754
2757
2753
2754
2750
2736
2714
2686
2661
2637
2602
2565
2531
2494
2445
2412
2373
2329
2278
2232
2190
2135
2084
2032
1977
1935
1884
1851
1824
1798
1775
1765
1759
1762
1760
1765
1787
1790
1798
1819
1829
1854
1860
1877
1889
1902
1911
1919
1930
1932
1937
1942
1942
1943
1941
1938
1946
1939
1932
1934
1926
1929
1922
1921
1919
1923
1913
1921
1912
1912
1913
1915
1918
1910
1911
1904
1912
1922
1911
1913
1910
1916
1907
1908
1912
1912
1911
1910
1908
1911
1918
1919
1920
1921
1922
1930
1928
1931
1927
1942
1933
1944
1943
1945
1942
1944
1945
1945
1953
1948
1948
1946
1941
1942
1938
1942
1936
1940
1934
1933
1926
1930
1925
1924
1930
1935
1934
1952
1965
1992
2028
2063
2124
2174
2250
2312
2385
2462
2532
2600
2664
2722
2764
2809
2845
2866
2890
2900
2914
2913
2907
2893
2881
2855
2823
2801
2764
2738
2695
2649
2618
2569
2519
2467
2425
2380
2320
2265
2208
2147
2089
2022
1965
1905
1852
1803
1756
1714
1692
1673
1655
1639
1642
1655
1661
1674
1696
1711
1734
1755
1773
1790
1806
1833
1852
1863
1880
1895
1901
1911
1913
1923
1923
1921
1918
1923
1913
1914
1908
1903
1906
1902
1897
1893
1901
1897
1901
1897
1902
1906
1905
1901
1904
1902
1901
1909
1900
1905
1910
1907
1899
1901
1900
1896
1896
1880
1886
1895
1893
1888
1891
1896
1900
1893
1902
1903
1911
1901
1897
1910
1904
1915
1906
1911
1911
1911
1912
1910
1913
1907
1912
1912
1909
1914
1912
1912
1912
1907
1910
1911
1910
1916
1902
1906
1906
1908
1912
1911
1911
1911
1920
1925
1947
1962
2003
2037
2088
2149
2214
2291
2357
2431
2509
2577
2654
2709
2764
2800
2839
2870
2882
2896
2904
2902
2884
2875
2855
2825
2799
2764
2727
2699
2659
2615
2566
2519
2474
2423
2382
2329
2284
2226
2182
2127
2054
2011
1956
1892
1832
1791
1743
1704
1674
1650
1641
1634
1624
1630
1640
1649
1669
1690
1715
1727
1756
1773
1796
1813
1828
1845
1855
1866
1875
1876
1885
1885
1889
1899
1900
1891
1889
1889
1882
1878
1866
1874
1868
1869
1859
1860
1868
1861
1860
1864
1860
1861
1861
1865
1869
1863
1864
1866
1874
1869
1868
1874
1874
1880
1882
1885
1883
1888
1900
1893
1897
1900
1906
1907
1909
1903
1895
1904
1903
1901
1896
1898
1898
1889
1901
1901
1905
1906
1894
1901
1908
1902
1906
1910
1911
1913
1919
1915
1924
1922
1922
1929
1923
1928
1928
1930
1927
1936
1926
1932
1927
1930
1930
1925
1933
1940
1958
1970
2000
2034
2071
2131
2194
2257
2329
2399
2462
2527
2586
2646
2694
2736
2768
2784
2809
2818
2818
2819
2811
2795
2777
2756
2734
2695
2667
2629
2593
2549
2512
2469
2426
2387
2334
2284
2237
2188
2139
2087
2034
1980
1923
1888
1832
1790
1750
1726
1704
1685
1680
1676
1679
1689
1705
1718
1729
1749
1764
1783
1797
1822
1830
1835
1850
1862
1877
1881
1891
1894
1904
1904
1901
1906
1910
1909
1909
1897
1907
1897
1898
1899
1892
1895
1895
1889
1878
1888
1881
1883
1890
1883
1880
1887
1885
1890
1887
1887
1891
1886
1891
1896
1891
1894
1900
1899
1899
1909
1904
1909
1918
1910
1919
1919
1922
1921
1924
1915
1922
1918
1918
1926
1916
1923
1925
1916
1917
1918
1917
1926
1926
1928
1925
1923
1921
1923
1933
1931
1933
1928
1934
1938
1937
1937
1935
1934
1937
1941
1940
1937
1944
1951
1953
1953
1965
1999
2029
2062
2106
2169
2224
2285
2347
2416
2479
2539
2594
2645
2675
2708
2736
2750
2762
2763
2756
2753
2740
2722
2687
2663
2622
2599
2567
2518
2484
2441
2403
2360
2312
2266
2221
2175
2121
2074
2021
1984
1929
1881
1850
1811
1787
1769
1754
1747
1745
1753
1753
1767
1782
1800
1808
1830
1842
1861
1875
1890
1897
1917
1923
1921
1919
1928
1927
1928
1927
1923
1932
1926
1921
1921
1917
1915
1910
1913
1909
1903
1903
1899
1902
1901
1898
1897
1897
1893
1896
1903
1895
1900
1897
1900
1900
1900
1909
1906
1906
1906
1903
1903
1899
1908
1909
1905
1905
1907
1912
1906
1913
1928
1916
1913
1920
1921
1929
1932
1928
1926
1927
1921
1924
1922
1927
1928
1926
1933
1936
1936
1940
1942
1943
1936
1945
1942
1940
1946
1942
1948
1943
1945
1943
1938
1937
1940
1938
1939
1936
1946
1954
1960
1969
1986
2018
2056
2098
2150
2216
2277
2346
2416
2484
2551
2612
2670
2713
2752
2794
2819
2827
2843
2847
2846
2833
2824
2806
2782
2749
2718
2685
2645
2606
2562
2519
2479
2425
2384
2340
2298
2245
2198
2144
2106
2055
1995
1952
1903
1860
1822
1789
1757
1740
1724
1718
1709
1720
1718
1733
1746
1750
1777
1794
1812
1822
1836
1856
1869
1879
1885
1897
1905
1915
1920
1924
1918
1923
1915
1924
1919
1917
1914
1909
1904
1902
1901
1896
1897
1895
1890
1890
1890
1888
1880
1881
1883
1891
1889
1881
1885
1888
1890
1885
1886
1886
1886
1892
1893
1896
1899
1896
1909
1902
1909
1906
1905
1907
1912
1903
1912
1917
1921
1923
1928
1920
1925
1927
1927
1935
1933
1935
1931
1936
1929
1936
1927
1930
1927
1931
1926
1925
1929
1933
1936
1938
1937
1932
1938
1943
1942
1939
1940
1952
1953
1953
1949
1946
1956
1967
1959
1975
1993
2014
2053
2094
2145
2202
2264
2328
2403
2475
2543
2598
2652
2702
2737
2771
2791
2799
2812
2823
2817
2809
2792
2772
2749
2718
2687
2652
2620
2576
2548
2500
2449
2415
2367
2317
2281
2234
2184
2141
2094
2049
1999
1957
1911
1864
1830
1794
1769
1753
1731
1724
1719
1728
1724
1746
1760
1769
1785
1800
1815
1831
1844
1862
1879
1884
1894
1896
1901
1914
1914
1917
1914
1918
1914
1924
1918
1914
1916
1909
1906
1898
1903
1898
1897
1893
1892
1896
1895
1891
1890
1890
1887
1900
1892
1899
1900
1901
1901
1901
1904
1905
1913
1909
1904
1909
1911
1909
1908
1905
1912
1905
1911
1905
1910
1903
1910
1910
1904
1919
1915
1921
1921
1922
1922
1930
1932
1931
1932
1930
1930
1934
1932
1937
1936
1931
1939
1937
1943
1937
1946
1940
1941
1941
1942
1953
1947
1948
1945
1943
1944
1941
1951
1950
1949
1957
1959
1976
1998
2021
2056
2099
2144
2206
2275
2334
2398
2474
2537
2592
2632
2678
2704
2733
2752
2755
2752
2751
2733
2726
2699
2673
2642
2620
2579
2544
2510
2470
2434
2396
2352
2313
2264
2230
2187
2148
2091
2049
1999
1961
1925
1879
1855
1823
1805
1786
1776
1767
1766
1766
1773
1782
1790
1804
1816
1833
1842
1861
1876
1888
1901
1911
1921
1917
1933
1929
1938
1933
1933
1941
1942
1933
1934
1936
1935
1928
1927
1923
1928
1922
1919
1921
1916
1914
1912
1915
1910
1911
1918
1915
1912
1908
1915
1914
1910
1907
1913
1917
1915
1912
1919
1919
1919
1915
1923
1926
1924
1923
1923
1928
1925
1931
1925
1931
1930
1932
1930
1928
1937
1933
1936
1930
1932
1936
1941
1942
1940
1942
1944
1941
1940
1941
1945
1943
1944
1952
1949
1950
1952
1950
1950
1947
1950
1949
1947
1947
1942
1951
1956
1959
1974
1994
2020
2053
2096
2144
2203
2258
2325
2398
2461
2521
2574
2627
2674
2699
2733
2747
2760
2766
2767
2765
2755
2736
2718
2684
2667
2637
2610
2571
2531
2498
2461
2419
2381
2341
2301
2255
2214
2167
2135
2090
2046
2000
1953
1912
1866
1837
1801
1773
1764
1743
1741
1738
1734
1743
1757
1760
1781
1795
1818
1832
1850
1869
1881
1895
1908
1913
1918
1924
1928
1937
1929
1936
1940
1932
1928
1918
1927
1925
1923
1912
1910
1909
1902
1907
1901
1901
1899
1903
1899
1896
1898
1895
1895
1897
1894
1895
1896
1894
1895
1898
1895
1900
1900
1901
1908
1908
1909
1920
1916
1919
1923
1917
1919
1922
1923
1924
1931
1922
1925
1933
1930
1929
1935
1932
1935
1935
1939
1941
1935
1935
1937
1933
1934
1938
1942
1942
1949
1947
1946
1950
1955
1952
1948
1952
1956
1951
1952
1949
1948
1948
1950
1947
1954
1950
1954
1957
1971
1985
2004
2036
2073
2121
2173
2244
2295
2372
2436
2496
2556
2608
2653
2689
2723
2736
2762
2769
2771
2777
2763
2747
2728
2710
2680
2656
2630
2596
2556
2520
2480
2440
2400
2360
2319
2289
2241
2202
2160
2121
2074
2027
1984
1938
1892
1862
1824
1797
1772
1756
1743
1738
1733
1741
1749
1751
1778
1793
1813
1830
1843
1856
1872
1878
1900
1905
1911
1918
1927
1930
1934
1936
1932
1930
1928
1922
1923
1916
1914
1902
1902
1900
1900
1892
1894
1899
1889
1894
1898
1887
1897
1886
1895
1893
1903
1901
1902
1902
1904
1906
1908
1907
1912
1908
1914
1920
1907
1919
1917
1918
1925
1918
1926
1913
1920
1918
1919
1929
1924
1935
1927
1927
1928
1931
1934
1927
1927
1932
1936
1936
1929
1929
1931
1937
1937
1940
1944
1945
1943
1948
1944
1944
1946
1948
1940
1944
1942
1947
1944
1943
1940
1941
1944
1935
1949
1957
1974
1990
2023
2052
2094
2148
2194
2256
2325
2380
2443
2499
2548
2595
2638
2661
2678
2701
2705
2708
2710
2700
2692
2670
2650
2637
2603
2578
2541
2513
2480
2447
2403
2371
2332
2293
2250
2218
2171
2139
2089
2052
2008
1973
1922
1890
1855
1821
1794
1779
1763
1753
1755
1753
1764
1767
1777
1788
1801
1821
1832
1849
1854
1870
1877
1887
1901
1906
1915
1916
1925
1931
1932
1939
1934
1941
1942
1939
1937
1931
1930
1926
1928
1930
1923
1918
1920
1921
1914
1911
1909
1907
1906
1903
1905
1901
1906
1905
1903
1905
1906
1908
1908
1910
1912
1916
1914
1915
1920
1931
1926
1933
1930
1937
1933
1936
1937
1930
1942
1940
1951
1940
1940
1947
1947
1942
1946
1949
1949
1954
1941
1949
1954
1956
1960
1951
1955
1964
1955
1953
1958
1959
1956
1954
1952
1954
1957
1953
1944
1951
1955
1960
1965
1977
1998
2023
2053
2101
2151
2205
2255
2319
2364
2423
2476
2520
2562
2593
2610
2638
2644
2652
2655
2637
2635
2615
2597
2573
2555
2525
2500
2466
2435
2389
2363
2331
2287
2253
2212
2178
2137
2094
2053
2004
1970
1929
1903
1870
1849
1833
1818
1810
1804
1804
1815
1819
1824
1843
1862
1872
1881
1899
1912
1925
1923
1938
1943
1946
1947
1953
1955
1958
1957
1956
1954
1954
1957
1953
1942
1940
1950
1948
1942
1943
1940
1930
1934
1935
1933
1936
1934
1931
1933
1929
1934
1932
1928
1933
1934
1925
1930
1932
1941
1936
1943
1936
1930
1942
1948
1945
1941
1944
1947
1952
1950
1961
1960
1957
1956
1955
1960
1962
1957
1963
1956
1961
1968
1968
1966
1969
1968
1962
1965
1967
1963
1960
1972
1960
1960
1970
1963
1961
1965
1972
1966
1964
1966
1963
1962
1960
1967
1971
1970
1977
1988
2003
2020
2052
2075
2124
2172
2230
2286
2349
2403
2482
2540
2589
2633
2682
2716
2738
2770
2777
2786
2790
2782
2783
2766
2760
2741
2713
2696
2668
2634
2601
2563
2529
2489
2461
2413
2375
2338
2295
2256
2201
2173
2121
2067
2029
1979
1941
1901
1866
1829
1812
1791
1779
1774
1766
1773
1778
1792
1799
1821
1834
1845
1866
1881
1896
1907
1923
1931
1945
1946
1945
1952
1952
1949
1948
1941
1943
1935
1928
1927
1930
1915
1913
1900
1901
1899
1894
1890
1892
1888
1889
1880
1886
1885
1893
1890
1897
1897
1903
1915
1918
1917
1923
1924
1933
1939
1937
1943
1941
1938
1943
1939
1943
1948
1933
1940
1940
1938
1931
1934
1940
1927
1933
1931
1931
