1024
895
802
759
746
783
838
927
1026
1133
1250
1358
1474
1571
1659
1732
1773
1804
1806
1795
1768
1722
1672
1606
1548
1476
1407
1344
1274
1218
1158
1117
1075
1043
1028
1011
1016
1016
1027
1052
1070
1104
1127
1162
1195
1230
1263
1289
1322
1341
1371
1396
1406
1421
1426
1439
1440
1445
1452
1452
1474
1497
1560
1654
1794
1984
2226
2532
2872
3253
3653
3876
3876
3875
3876
3876
3875
3875
3876
3875
3876
3876
3875
3876
3876
3875
3876
3877
3875
3876
3876
3875
3473
3100
2728
2369
2034
1714
1437
1189
987
826
701
629
591
605
646
724
832
942
1076
1203
1338
1469
1579
1680
1754
1824
1861
1884
1887
1869
1848
1798
1750
1689
1622
1554
1480
1415
1346
1291
1240
1188
1155
1122
1110
1092
1092
1098
1101
1118
1129
1158
1182
1204
1236
1264
1304
1328
1363
1390
1412
1439
1450
1468
1483
1494
1515
1535
1585
1649
1768
1929
2142
2417
2729
3099
3490
3867
3875
3876
3876
3873
3876
3874
3876
3877
3875
3876
3876
3875
3876
3876
3875
3876
3876
3875
3875
3876
3735
3359
2972
2601
2244
1904
1604
1327
1108
923
788
700
653
657
683
750
843
950
1076
1197
1331
1447
1564
1662
1742
1809
1847
1876
1883
1873
1847
1801
1753
1686
1624
1559
1486
1419
1351
1296
1238
1196
1158
1120
1106
1085
1087
1081
1085
1098
1107
1130
1149
1177
1203
1223
1254
1270
1305
1327
1347
1367
1381
1402
1417
1440
1468
1508
1582
1680
1841
2041
2309
2631
2991
3395
3802
3876
3874
3876
3877
3876
3876
3876
3875
3877
3877
3875
3875
3876
3875
3876
3875
3875
3876
3876
3875
3874
3458
3079
2699
2344
2002
1693
1418
1175
984
829
733
678
666
693
751
849
959
1092
1231
1365
1504
1620
1735
1832
1911
1970
2002
2028
2018
2002
1966
1914
1854
1779
1710
1630
1558
1485
1412
1354
1294
1250
1210
1172
1151
1128
1124
1119
1127
1134
1145
1164
1172
1195
1216
1239
1265
1283
1309
1328
1357
1378
1395
1416
1436
1476
1529
1615
1740
1912
2143
2418
2758
3129
3525
3875
3874
3876
3876
3876
3876
3876
3876
3875
3876
3876
3876
3875
3874
3876
3877
3875
3876
3876
3839
3427
3056
2678
2323
1987
1670
1394
1148
954
800
693
636
610
639
693
788
902
1030
1180
1319
1474
1610
1745
1867
1957
2041
2089
2129
2147
2138
2113
2067
2015
1938
1857
1770
1675
1589
1495
1419
1344
1274
1217
1157
1118
1083
1066
1053
1039
1047
1046
1063
1075
1096
1125
1143
1174
1196
1231
1262
1292
1322
1346
1380
1405
1434
1465
1500
1558
1637
1765
1941
2175
2475
2811
3212
3632
3875
3876
3876
3875
3876
3876
3875
3876
3876
3875
3877
3876
3874
3876
3877
3877
3876
3876
3874
3876
3876
3875
3876
3876
3703
3312
2931
2570
2224
1915
1636
1412
1232
1093
1007
960
968
1004
1067
1154
1252
1372
1482
1603
1711
1805
1887
1942
1989
2008
2016
1998
1960
1919
1857
1793
1718
1641
1567
1483
1408
1329
1268
1211
1160
1125
1091
1076
1063
1057
1060
1063
1083
1097
1126
1151
1181
1215
1239
1268
1291
1319
1344
1362
1389
1405
1434
1454
1484
1530
1589
1688
1826
2025
2283
2597
2965
3366
3809
3875
3876
3876
3875
3876
3876
3876
3874
3876
3876
3876
3876
3876
3876
3877
3875
3876
3876
3875
3876
3876
3876
3876
3876
3867
3422
3031
2654
2308
1984
1709
1477
1288
1151
1052
1009
1002
1036
1091
1169
1270
1373
1483
1585
1685
1775
1841
1898
1926
1954
1955
1946
1924
1879
1833
1768
1704
1632
1554
1486
1409
1347
1280
1229
1189
1151
1126
1104
1099
1098
1101
1116
1125
1148
1165
1190
1221
1244
1271
1283
1313
1327
1344
1364
1376
1402
1425
1465
1521
1608
1741
1914
2148
2421
2747
3117
3505
3873
3877
3875
3876
3876
3876
3876
3876
3874
3876
3877
3875
3876
3876
3876
3876
3876
3876
3876
3876
3873
3449
3053
2657
2281
1922
1605
1320
1084
893
751
664
614
623
670
754
872
1009
1168
1326
1488
1637
1772
1896
1991
2073
2126
2155
2169
2150
2122
2064
2008
1935
1848
1757
1665
1579
1487
1409
1341
1274
1222
1169
1134
1107
1091
1083
1074
1084
1092
1111
1133
1154
1184
1204
1236
1259
1283
1313
1332
1361
1381
1418
1469
1534
1641
1784
1989
2234
2541
2888
3267
3673
3876
3876
3877
3877
3876
3876
3876
3875
3876
3876
3876
3876
3877
3877
3877
3876
3875
3876
3876
3875
3876
3710
3323
2945
2569
2223
1897
1608
1355
1142
990
867
806
777
796
848
923
1026
1127
1265
1392
1515
1638
1735
1826
1889
1938
1970
1978
1977
1948
1917
1872
1814
1753
1674
1609
1532
1463
1393
1325
1268
1209
1164
1118
1079
1054
1030
1022
1008
1015
1023
1032
1051
1064
1093
1117
1147
1182
1215
1266
1317
1395
1496
1630
1809
2024
2298
2608
2969
3354
3745
3876
3876
3876
3875
3877
3876
3876
3877
3877
3876
3876
3876
3877
3877
3876
3876
3876
3876
3877
3877
3875
3876
3876
3875
3721
3313
2914
2512
2141
1796
1476
1204
974
804
672
588
551
549
592
653
752
860
978
1103
1219
1343
1450
1548
1631
1686
1732
1748
1756
1739
1712
1678
1623
1569
1501
1435
1372
1304
1242
1174
1123
1072
1032
1001
973
967
958
959
969
981
999
1015
1043
1063
1096
1127
1157
1200
1246
1320
1421
1557
1737
1960
2239
2555
2922
3313
3707
3876
3876
3875
3876
3876
3877
3876
3876
3876
3877
3877
3876
3876
3876
3876
3877
3876
3875
3876
3877
3875
3875
3568
3178
2789
2404
2044
1696
1388
1114
879
694
542
449
398
386
413
466
555
655
775
896
1021
1148
1257
1364
1444
1515
1570
1601
1618
1613
1604
1573
1531
1482
1415
1360
1288
1218
1146
1080
1019
956
912
870
845
827
809
811
816
834
853
877
909
937
977
1006
1048
1086
1115
1147
1169
1204
1229
1260
1289
1316
1364
1426
1521
1654
1825
2052
2318
2634
2967
3323
3682
3876
3876
3875
3876
3875
3875
3876
3876
3876
3876
3875
3875
3877
3877
3875
3874
3876
3875
3624
3309
3011
2706
2413
2137
1861
1611
1372
1164
979
823
698
612
559
530
543
573
626
700
786
893
997
1104
1212
1313
1406
1476
1545
1591
1625
1642
1636
1625
1596
1564
1517
1467
1414
1352
1302
1237
1183
1134
1083
1050
1010
982
961
946
939
933
945
949
965
983
998
1029
1052
1084
1106
1135
1164
1182
1213
1228
1259
1281
1301
1325
1339
1360
1369
1379
1384
1380
1382
1370
1371
1365
1357
1352
1344
1361
1389
1452
1544
1678
1869
2093
2373
2682
3022
3380
3727
3875
3874
3876
3876
3876
3877
3875
3876
3876
3875
3877
3876
3875
3876
3876
3875
3876
3876
3874
3647
3378
3111
2845
2583
2337
2093
1878
1674
1498
1352
1224
1137
1065
1033
1023
1038
1077
1132
1211
1294
1388
1481
1567
1657
1727
1797
1845
1881
1900
1901
1897
1869
1840
1805
1755
1709
1651
1602
1543
1487
1432
1373
1329
1280
1245
1217
1189
1174
1159
1161
1157
1167
1175
1185
1208
1219
1241
1259
1280
1305
1325
1348
1363
1383
1399
1413
1428
1432
1445
1446
1447
1448
1441
1438
1428
1428
1421
1412
1408
1392
1387
1376
1368
1356
1340
1332
1315
1316
1317
1338
1382
1450
1565
1713
1916
2162
2444
2775
3108
3462
3803
3875
3876
3874
3876
3876
3875
3875
3875
3875
3876
3876
3875
3874
3876
3875
3876
3876
3875
3874
3876
3834
3562
3310
3045
2789
2537
2296
2076
1870
1696
1541
1419
1322
1249
1218
1198
1210
1233
1272
1328
1383
1451
1512
1580
1634
1677
1721
1741
1763
1768
1763
1752
1728
1703
1661
1622
1572
1519
1474
1417
1376
1332
1299
1269
1235
1213
1186
1173
1158
1144
1139
1132
1143
1145
1156
1172
1184
1205
1217
1239
1257
1276
1291
1304
1323
1332
1350
1360
1368
1377
1381
1391
1388
1393
1398
1393
1396
1388
1389
1381
1377
1374
1367
1365
1351
1348
1343
1330
1327
1313
1314
1310
1323
1352
1392
1474
1577
1725
1907
2123
2371
2626
2901
3164
3421
3651
3841
3874
3874
3875
3875
3874
3875
3876
3875
3825
3662
3481
3285
3090
2884
2688
2494
2312
2145
1983
1843
1705
1592
1485
1393
1317
1253
1211
1176
1159
1161
1172
1202
1236
1285
1337
1395
1461
1522
1589
1644
1697
1741
1772
1799
1806
1817
1813
1801
1782
1754
1722
1684
1646
1604
1559
1515
1470
1433
1391
1359
1328
1293
1268
1242
1225
1212
1203
1200
1195
1202
1203
1213
1224
1232
1247
1259
1279
1296
1319
1343
1357
1380
1388
1405
1415
1420
1429
1430
1437
1437
1443
1446
1445
1446
1444
1448
1448
1444
1444
1437
1436
1430
1433
1433
1431
1437
1440
1467
1501
1553
1628
1723
1843
1977
2132
2296
2464
2633
2784
2930
3051
3149
3222
3260
3269
3246
3200
3125
3033
2926
2798
2669
2528
2393
2255
2120
1990
1864
1753
1642
1551
1473
1400
1349
1300
1273
1256
1252
1256
1274
1310
1346
1396
1454
1509
1571
1626
1691
1743
1797
1841
1877
1909
1929
1943
1952
1949
1945
1929
1912
1890
1865
1834
1800
1768
1729
1696
1660
1621
1591
1561
1538
1512
1498
1480
1468
1462
1451
1446
1441
1437
1440
1442
1451
1453
1466
1474
1485
1498
1506
1524
1536
1551
1565
1576
1589
1595
1609
1618
1624
1629
1627
1629
1628
1628
1623
1621
1628
1630
1659
1688
1738
1802
1883
1988
2100
2228
2365
2504
2642
2768
2892
2993
3081
3142
3177
3194
3184
3157
3106
3037
2956
2854
2757
2644
2537
2431
2322
2225
2126
2041
1950
1874
1802
1732
1680
1631
1599
1575
1559
1556
1562
1583
1607
1642
1685
1726
1775
1819
1872
1914
1954
1992
2018
2044
2061
2074
2082
2077
2070
2052
2037
2016
1989
1961
1922
1885
1847
1818
1782
1751
1724
1689
1670
1648
1632
1616
1604
1604
1598
1601
1600
1599
1604
1605
1614
1619
1631
1641
1648
1659
1663
1676
1682
1694
1702
1706
1712
1717
1728
1730
1732
1734
1734
1745
1754
1776
1806
1843
1907
1984
2092
2221
2365
2519
2681
2852
3014
3177
3322
3441
3540
3608
3659
3670
3659
3617
3551
3473
3366
3256
3132
2999
2870
2729
2604
2474
2356
2242
2136
2041
1951
1878
1811
1752
1712
1676
1659
1650
1661
1676
1698
1732
1765
1816
1866
1918
1971
2016
2068
2106
2149
2176
2192
2201
2197
2194
2176
2154
2130
2094
2059
2018
1985
1943
1905
1866
1820
1788
1750
1718
1688
1659
1644
1622
1615
1607
1604
1606
1600
1608
1612
1622
1628
1637
1650
1655
1674
1680
1692
1705
1713
1724
1728
1739
1748
1755
1760
1759
1770
1766
1769
1771
1769
1769
1765
1768
1776
1794
1826
1875
1959
2062
2209
2380
2577
2804
3042
3292
3539
3773
3873
3874
3875
3875
3873
3874
3874
3875
3875
3874
3874
3876
3875
3874
3874
3777
3597
3410
3224
3040
2854
2675
2501
2342
2193
2057
1941
1828
1742
1668
1622
1595
1581
1592
1612
1653
1705
1765
1834
1898
1972
2033
2100
2152
2193
2224
2243
2254
2247
2233
2212
2176
2133
2083
2036
1980
1924
1868
1809
1755
1702
1659
1619
1579
1552
1517
1496
1473
1460
1450
1443
1446
1443
1455
1465
1475
1493
1507
1524
1538
1557
1576
1588
1603
1611
1626
1637
1642
1656
1658
1668
1676
1680
1680
1677
1674
1659
1660
1652
1648
1647
1648
1666
1684
1741
1814
1923
2068
2242
2461
2700
2965
3238
3510
3773
3875
3874
3874
3876
3876
3874
3876
3876
3874
3876
3875
3874
3874
3875
3707
3480
3250
3020
2799
2577
2372
2175
1992
1829
1672
1549
1432
1345
1280
1232
1212
1202
1221
1251
1298
1361
1425
1511
1586
1672
1754
1827
1899
1954
2007
2041
2069
2085
2085
2081
2056
2036
1999
1956
1912
1857
1806
1747
1697
1647
1590
1553
1507
1474
1442
1418
1395
1373
1363
1349
1344
1342
1342
1350
1350
1364
1374
1387
1405
1423
1446
1458
1481
1496
1513
1528
1535
1553
1562
1572
1583
1589
1602
1598
1611
1608
1605
1609
1600
1601
1595
1596
1599
1614
1652
1709
1802
1925
2083
2277
2494
2741
2991
3253
3501
3727
3875
3874
3874
3875
3875
3874
3874
3875
3875
3874
3793
3607
3410
3197
2990
2774
2575
2377
2190
2029
1868
1729
1601
1495
1402
1322
1266
1227
1214
1217
1233
1269
1318
1386
1460
1538
1625
1707
1791
1859
1932
1993
2043
2084
2108
2126
2122
2115
2091
2059
2022
1968
1918
1862
1805
1748
1693
1642
1589
1551
1513
1483
1462
1440
1430
1418
1413
1409
1404
1403
1406
1419
1427
1435
1448
1454
1469
1479
1493
1507
1521
1530
1532
1550
1553
1565
1573
1574
1590
1595
1606
1613
1621
1624
1622
1630
1626
1629
1631
1636
1654
1679
1733
1808
1916
2059
2230
2448
2679
2941
3209
3467
3720
3874
3874
3875
3875
3874
3874
3875
3875
3875
3874
3874
3876
3875
3738
3524
3304
3083
2854
2642
2424
2233
2040
1871
1718
1581
1469
1375
1310
1267
1249
1256
1278
1330
1391
1474
1568
1666
1768
1863
1961
2044
2123
2186
2231
2272
2287
2293
2281
2251
2217
2165
2115
2055
1991
1924
1852
1789
1723
1670
1618
1572
1534
1497
1470
1445
1428
1416
1402
1400
1393
1399
1404
1410
1423
1432
1446
1457
1480
1502
1519
1544
1558
1581
1600
1620
1639
1648
1666
1672
1684
1685
1686
1692
1685
1692
1691
1702
1726
1763
1827
1918
2050
2216
2421
2658
2918
3200
3482
3766
3875
3874
3875
3874
3876
3876
3875
3876
3875
3875
3873
3875
3874
3875
3875
3848
3577
3316
3054
2800
2549
2316
2087
1888
1707
1552
1426
1320
1249
1206
1201
1220
1263
1334
1417
1523
1631
1747
1864
1968
2069
2156
2237
2297
2336
2363
2364
2359
2326
2288
2240
2176
2112
2034
1959
1881
1804
1728
1652
1590
1526
1482
1437
1400
1373
1350
1340
1330
1328
1331
1333
1348
1358
1381
1403
1425
1452
1472
1501
1521
1550
1573
1591
1610
1622
1640
1648
1656
1665
1664
1663
1656
1661
1659
1666
1692
1732
1810
1914
2063
2244
2461
2715
2986
3276
3560
3832
3875
3875
3874
3875
3875
3875
3874
3874
3875
3875
3874
3876
3875
3750
3490
3215
2950
2679
2415
2162
1924
1710
1510
1342
1196
1077
998
940
924
935
975
1043
1124
1234
1349
1480
1614
1742
1876
1988
2101
2188
2261
2312
2341
2361
2356
2344
2308
2260
2205
2133
2067
1983
1905
1824
1738
1661
1585
1520
1457
1406
1367
1331
1307
1286
1282
1276
1276
1284
1291
1303
1320
1336
1358
1374
1399
1414
1442
1458
1474
1489
1493
1509
1513
1521
1531
1542
1564
1590
1644
1717
1830
1983
2170
2405
2665
2964
3276
3583
3867
3874
3876
3875
3875
3875
3875
3876
3876
3875
3876
3876
3875
3875
3874
3874
3697
3411
3122
2838
2555
2289
2033
1796
1581
1389
1230
1093
1001
940
910
913
941
1004
1080
1181
1292
1410
1539
1649
1770
1875
1973
2053
2109
2156
2180
2192
2184
2159
2121
2069
2021
1955
1892
1822
1751
1686
1615
1561
1504
1455
1418
1375
1352
1326
1309
1300
1296
1303
1303
1317
1329
1346
1367
1385
1412
1433
1460
1485
1505
1523
1540
1558
1571
1590
1609
1628
1671
1722
1813
1936
2098
2301
2533
2804
3091
3393
3691
3874
3876
3876
3875
3874
3874
3875
3875
3875
3874
3876
3875
3874
3876
3876
3785
3518
3252
2981
2711
2456
2197
1964
1745
1550
1383
1239
1128
1045
999
983
995
1039
1102
1194
1294
1403
1520
1629
1747
1844
1938
2012
2070
2117
2136
2148
2141
2123
2091
2040
1987
1921
1858
1780
1710
1641
1570
1511
1448
1400
1360
1324
1297
1274
1264
1252
1253
1256
1257
1273
1282
1301
1316
1333
1355
1373
1398
1415
1444
1468
1487
1509
1528
1554
1576
1607
1651
1713
1814
1943
2123
2346
2608
2910
3233
3576
3874
3875
3874
3876
3876
3874
3876
3876
3875
3876
3876
3876
3874
3876
3875
3875
3875
3875
3876
3875
3691
3398
3101
2811
2529
2265
2013
1782
1588
1411
1279
1175
1107
1074
1066
1092
1140
1217
1309
1408
1515
1619
1726
1812
1894
1956
1998
2026
2025
2022
1993
1952
1901
1836
1771
1694
1625
1551
1484
1421
1362
1315
1268
1236
1212
1191
1181
1173
1181
1189
1205
1224
1241
1268
1290
1321
1349
1373
1400
1424
1451
1469
1488
1503
1513
1523
1530
1542
1547
1560
1585
1623
1690
1782
1925
2114
2352
2634
2950
3301
3659
3874
3876
3876
3875
3874
3876
3875
3876
3876
3875
3876
3875
3874
3876
3877
3875
3874
3876
3875
3875
3662
3363
3073
2773
2486
2208
1946
1712
1497
1324
1176
1068
1001
958
957
983
1038
1111
1194
1290
1391
1492
1581
1670
1743
1799
1840
1862
1873
1869
1850
1822
1776
1731
1668
1609
1544
1478
1422
1362
1314
1266
1227
1187
1150
1130
1105
1100
1093
1095
1105
1117
1141
1157
1184
1210
1232
1261
1280
1310
1331
1358
1384
1403
1424
1437
1452
1461
1471
1481
1478
1487
1493
1509
1547
1603
1694
1824
2006
2231
2497
2805
3133
3480
3809
3875
3876
3876
3875
3875
3875
3875
3876
3876
3875
3876
3875
3874
3876
3876
3875
3874
3664
3375
3090
2805
2521
2251
1989
1753
1532
1334
1161
1017
911
830
787
775
789
836
897
984
1078
1188
1294
1393
1495
1576
1655
1714
1755
1787
1795
1795
1775
1750
1713
1668
1623
1568
1516
1461
1407
1359
1307
1267
1224
1197
1170
1148
1136
1122
1122
1121
1132
1150
1165
1194
1213
1247
1275
1305
1333
1360
1394
1420
1448
1472
1493
1512
1521
1537
1541
1545
1541
1526
1518
1509
1499
1489
1478
1480
1484
1512
1559
1648
1778
1948
2170
2431
2736
3063
3399
3736
3874
3876
3875
3876
3875
3874
3876
3876
3875
3875
3875
3874
3876
3875
3874
3874
3785
3519
3254
2982
2720
2461
2214
1977
1751
1551
1370
1221
1100
1009
949
920
926
956
1013
1090
1177
1281
1379
1485
1581
1671
1751
1810
1859
1887
1906
1906
1896
1871
1834
1797
1747
1697
1644
1587
1529
1468
1417
1367
1318
1277
1236
1209
1184
1170
1162
1158
1163
1172
1194
1213
1238
1265
1290
1324
1351
1386
1413
1444
1470
1492
1516
1531
1553
1570
1582
1597
1607
1625
1629
1639
1645
1642
1643
1633
1630
1621
1610
1609
1613
1639
1682
1768
1894
2066
2294
2559
2869
3202
3547
3869
3876
3875
3874
3875
3875
3876
3876
3874
3876
3876
3875
3874
3875
3875
3874
3874
3875
3875
3875
3634
3350
3058
2772
2490
2218
1968
1736
1541
1373
1246
1155
1097
1079
1084
1127
1191
1276
1373
1471
1584
1685
1783
1869
1940
1999
2037
2058
2065
2052
2027
1982
1937
1872
1813
1748
1678
1612
1539
1478
1418
1366
1324
1281
1252
1222
1215
1205
1203
1205
1211
1224
1237
1256
1280
1301
1329
1349
1380
1401
1424
1448
1466
1489
1499
1513
1522
1530
1539
1538
1549
1557
1563
1570
1568
1567
1552
1542
1529
1515
1506
1489
1489
1485
1502
1548
1614
1725
1877
2092
2351
2654
2993
3353
3725
3875
3875
3876
3876
3875
3875
3875
3875
3876
3875
3874
3876
3876
3875
3874
3876
3875
3875
3875
3874
3577
3266
2950
2648
2352
2077
1821
1591
1395
1225
1099
1010
964
952
972
1026
1099
1192
1297
1406
1511
1617
1718
1796
1872
1926
1958
1975
1970
1957
1925
1889
1838
1778
1719
1648
1585
1514
1450
1390
1333
1282
1232
1202
1172
1149
1133
1119
1117
1117
1127
1136
1147
1168
1184
1214
1234
1262
1291
1309
1337
1359
1387
1410
1430
1451
1464
1487
1496
1513
1522
1525
1528
1528
1529
1523
1514
1509
1497
1491
1475
1468
1460
1448
1449
1459
1496
1566
1681
1841
2044
2309
2607
2955
3314
3674
3876
3876
3875
3875
3875
3875
3876
3875
3873
3876
3876
3875
3874
3876
3875
3873
3874
3875
3569
3257
2936
2631
2338
2058
1805
1570
1366
1187
1052
949
884
857
858
906
967
1056
1159
1273
1395
1513
1637
1743
1841
1921
1979
2026
2049
2053
2040
2008
1969
1913
1852
1780
1709
1634
1557
1485
1412
1351
1294
1240
1197
1153
1126
1098
1084
1078
1074
1084
1093
1116
1136
1162
1188
1213
1245
1272
1306
1336
1361
1389
1410
1435
1449
1469
1487
1499
1517
1519
1529
1533
1534
1534
1527
1528
1520
1519
1507
1493
1483
1466
1457
1448
1447
1453
1480
1540
1631
1777
1964
2204
2489
2806
3155
3513
3854
3876
3874
3874
3874
3876
3874
3874
3876
3875
3875
3874
3874
3876
3875
3874
3874
3721
3413
3112
2816
2519
2243
1977
1739
1521
1332
1172
1038
949
880
858
868
902
966
1047
1155
1270
1398
1528
1646
1764
1860
1951
2015
2059
2093
2100
2098
2073
2037
1989
1928
1867
1792
1725
1654
1585
1515
1447
1388
1329
1282
1237
1202
1179
1153
1145
1140
1143
1159
1172
1195
1214
1244
1272
1302
1335
1360
1396
1419
1449
1476
1497
1519
1532
1553
1564
1577
1589
1592
1602
1602
1606
1608
1601
1597
1585
1577
1561
1548
1538
1521
1513
1505
1513
1537
1586
1669
1791
1972
2194
2468
2780
3113
3468
3810
3875
3875
3874
3875
3876
3875
3874
3874
3876
3874
3874
3875
3875
3875
3874
3874
3875
3627
3318
3018
2726
2439
2170
1916
1692
1485
1310
1164
1050
979
935
932
956
1011
1094
1189
1303
1421
1550
1675
1790
1903
1995
2071
2128
2161
2179
2169
2147
2107
2065
2007
1939
1867
1785
1708
1631
1557
1485
1414
1361
1310
1271
1237
1214
1199
1186
1185
1183
1195
1207
1222
1243
1260
1294
1316
1341
1376
1397
1425
1448
1475
1495
1514
1534
1546
1570
1580
1597
1609
1614
1626
1629
1636
1633
1634
1634
1621
1617
1591
1588
1581
1577
1588
1614
1675
1772
1920
2114
2348
2636
2949
3292
3636
3875
3873
3874
3875
3875
3874
3874
3875
3874
3873
3875
3875
3874
3874
3875
3874
3873
3624
3321
3019
2723
2436
2173
1916
1689
1488
1300
1154
1033
955
905
887
908
955
1031
1118
1233
1357
1484
1614
1736
1856
1956
2042
2112
2155
2188
2189
2183
2156
2111
2056
1985
1914
1832
1754
1675
1588
1516
1441
1383
1325
1275
1233
1196
1174
1150
1145
1146
1151
1163
1172
1194
1215
1244
1272
1297
1330
1355
1385
1410
1434
1466
1484
1512
1527
1548
1563
1573
1587
1589
1598
1599
1599
1597
1588
1585
1572
1566
1560
1556
1568
1591
1653
1748
1886
2067
2294
2569
2869
3202
3534
3852
3876
3875
3873
3876
3875
3874
3876
3875
3873
3876
3875
3873
3874
3874
3875
3780
3484
3183
2882
2596
2311
2051
1805
1588
1395
1224
1094
988
924
890
888
923
981
1072
1171
1293
1426
1556
1691
1812
1929
2028
2113
2179
2217
2247
2250
2243
2215
2171
2117
2051
1981
1900
1818
1733
1645
1569
1493
1433
1373
1319
1275
1236
1213
1191
1185
1181
1183
1203
1214
1245
1269
1300
1331
1362
1394
1426
1461
1492
1518
1547
1568
1597
1614
1634
1649
1656
1667
1666
1673
1669
1663
1661
1650
1653
1652
1671
1710
1774
1886
2032
2231
2468
2743
3047
3355
3673
3874
3874
3875
3875
3874
3874
3876
3875
3873
3874
3874
3875
3875
3873
3873
3771
3485
3189
2900
2611
2337
2076
1833
1617
1420
1261
1123
1028
965
937
944
977
1048
1138
1247
1375
1504
1646
1778
1907
2022
2116
2198
2255
2301
2321
2322
2307
2269
2224
2161
2098
2021
1939
1859
1769
1692
1614
1542
1478
1414
1364
1319
1291
1261
1244
1234
1224
1232
1237
1253
1272
1294
1322
1343
1377
1401
1429
1460
1482
1512
1533
1559
1579
1597
1617
1626
1644
1650
1655
1662
1661
1668
1667
1689
1723
1784
1887
2023
2214
2447
2727
3040
3369
3716
3875
3874
3873
3876
3875
3875
3874
3874
3876
3875
3873
3874
3875
3875
3874
3874
3875
3874
3792
3480
3176
2873
2577
2298
2034
1794
1574
1391
1236
1120
1044
992
988
1011
1068
1146
1241
1351
1466
1591
1707
1817
1917
1996
2066
2114
2142
2153
2140
2120
2080
2034
1975
1907
1834
1754
1685
1606
1539
1472
1409
1355
1304
1268
