3840
3872
3872
3874
3873
3873
3873
3873
3872
3874
3873
3873
3873
3872
3873
3633
3323
3017
2708
2414
2131
1859
1612
1391
1195
1032
898
802
737
697
700
726
768
836
913
1008
1115
1217
1324
1425
1514
1598
1662
1715
1759
1778
1800
1796
1776
1753
1715
1680
1624
1564
1516
1458
1399
1348
1291
1243
1198
1153
1118
1086
1066
1051
1034
1025
1025
1018
1021
1030
1045
1058
1066
1092
1115
1131
1163
1181
1204
1228
1244
1263
1284
1301
1316
1332
1352
1380
1415
1474
1553
1655
1810
2001
2240
2515
2821
3163
3513
3856
3872
3873
3872
3874
3872
3872
3874
3873
3872
3873
3873
3872
3873
3872
3872
3875
3873
3872
3873
3872
3871
3872
3873
3690
3393
3079
2775
2474
2182
1907
1649
1417
1210
1035
894
783
701
656
636
650
685
737
817
901
992
1091
1180
1273
1364
1438
1510
1568
1608
1637
1652
1652
1645
1621
1598
1565
1516
1470
1413
1366
1315
1260
1218
1164
1122
1089
1053
1022
1002
978
972
962
966
971
976
995
1014
1030
1055
1079
1099
1128
1151
1179
1205
1228
1258
1270
1289
1312
1319
1339
1347
1358
1371
1385
1415
1456
1514
1614
1744
1916
2138
2394
2692
3023
3368
3724
3870
3873
3872
3873
3872
3874
3872
3874
3874
3873
3873
3873
3873
3872
3874
3872
3872
3873
3873
3872
3874
3872
3873
3590
3279
2974
2673
2373
2097
1830
1577
1360
1158
990
851
739
673
630
622
639
673
740
825
910
1011
1121
1225
1326
1415
1504
1585
1633
1681
1716
1731
1738
1725
1702
1670
1623
1577
1516
1464
1409
1342
1290
1237
1183
1140
1099
1064
1031
1004
982
970
953
951
955
959
969
983
1002
1023
1049
1079
1101
1133
1161
1182
1216
1241
1267
1292
1307
1330
1347
1358
1373
1383
1389
1402
1408
1420
1441
1470
1526
1608
1732
1898
2101
2356
2649
2960
3300
3638
3871
3873
3873
3871
3872
3873
3873
3873
3873
3872
3874
3872
3873
3873
3873
3873
3873
3873
3872
3873
3871
3751
3452
3145
2845
2543
2248
1979
1719
1481
1270
1081
932
810
720
662
634
639
675
728
811
908
1005
1121
1238
1354
1470
1569
1666
1749
1813
1867
1895
1919
1922
1908
1884
1845
1802
1747
1681
1614
1547
1480
1422
1359
1295
1242
1189
1145
1103
1060
1036
1014
1002
993
988
993
1003
1009
1028
1050
1069
1089
1107
1138
1157
1178
1207
1224
1246
1268
1284
1301
1320
1331
1346
1359
1378
1399
1417
1461
1517
1595
1717
1878
2083
2329
2616
2946
3290
3645
3872
3871
3872
3873
3872
3873
3872
3874
3872
3872
3873
3872
3872
3873
3871
3872
3873
3872
3872
3873
3872
3872
3871
3721
3402
3070
2760
2455
2153
1876
1623
1398
1201
1033
903
810
738
714
714
749
810
887
990
1094
1203
1328
1438
1550
1655
1741
1821
1883
1924
1952
1963
1964
1945
1908
1869
1819
1756
1695
1627
1562
1496
1429
1372
1310
1256
1208
1158
1126
1098
1073
1057
1046
1042
1042
1041
1057
1067
1087
1110
1133
1154
1182
1205
1237
1265
1289
1319
1340
1361
1383
1392
1411
1428
1436
1452
1463
1481
1502
1530
1592
1672
1790
1956
2163
2421
2721
3056
3424
3796
3873
3873
3873
3873
3874
3873
3870
3872
3873
3872
3875
3871
3873
3874
3872
3873
3874
3872
3873
3872
3873
3873
3872
3872
3872
3721
3385
3062
2740
2421
2130
1856
1612
1394
1210
1065
950
868
827
810
831
875
936
1024
1113
1213
1321
1418
1525
1623
1698
1773
1822
1861
1887
1894
1895
1883
1850
1818
1770
1719
1668
1599
1540
1479
1411
1350
1287
1231
1181
1131
1101
1073
1041
1026
1013
1011
1015
1019
1037
1055
1075
1104
1124
1150
1180
1197
1232
1259
1286
1310
1328
1352
1370
1381
1400
1415
1421
1432
1444
1459
1483
1516
1574
1655
1781
1955
2164
2435
2745
3081
3452
3824
3873
3873
3873
3872
3874
3873
3872
3874
3873
3873
3874
3873
3873
3873
3873
3872
3874
3873
3873
3874
3873
3873
3872
3873
3716
3385
3046
2722
2403
2106
1834
1581
1363
1176
1019
905
822
777
761
771
818
882
958
1060
1164
1272
1388
1487
1593
1686
1761
1831
1875
1910
1930
1927
1918
1894
1859
1818
1762
1705
1644
1574
1511
1443
1374
1318
1257
1207
1162
1121
1098
1072
1050
1039
1031
1030
1035
1036
1052
1069
1085
1109
1127
1163
1192
1214
1243
1263
1285
1312
1332
1356
1376
1388
1407
1414
1426
1444
1454
1489
1533
1595
1692
1823
1999
2219
2482
2785
3121
3470
3831
3873
3872
3874
3873
3872
3875
3873
3873
3873
3871
3873
3874
3873
3874
3873
3873
3872
3875
3873
3872
3873
3871
3769
3437
3097
2765
2443
2134
1847
1581
1341
1141
964
829
735
668
645
648
685
748
831
941
1057
1183
1316
1444
1561
1672
1767
1853
1926
1976
2014
2028
2033
2023
1989
1954
1899
1840
1772
1701
1633
1556
1476
1414
1344
1277
1232
1182
1145
1107
1073
1052
1036
1027
1026
1020
1027
1037
1045
1068
1087
1113
1142
1163
1197
1224
1245
1275
1294
1320
1343
1359
1377
1400
1417
1442
1465
1521
1590
1685
1828
2010
2225
2489
2781
3106
3446
3782
3874
3871
3873
3873
3873
3872
3874
3873
3873
3874
3872
3873
3872
3873
3874
3872
3873
3873
3872
3725
3386
3048
2713
2379
2067
1763
1489
1243
1014
836
688
573
495
451
449
480
540
638
749
873
1017
1162
1306
1455
1590
1722
1841
1938
2021
2079
2120
2149
2145
2137
2105
2060
2006
1936
1869
1787
1707
1630
1548
1467
1394
1326
1265
1212
1160
1129
1089
1062
1048
1028
1025
1024
1024
1041
1055
1073
1096
1114
1142
1162
1183
1210
1229
1255
1278
1295
1319
1346
1366
1395
1415
1456
1510
1577
1689
1839
2024
2260
2538
2862
3213
3576
3872
3873
3873
3873
3872
3872
3874
3872
3874
3873
3873
3874
3873
3873
3873
3872
3874
3873
3873
3873
3872
3873
3874
3873
3722
3380
3047
2719
2396
2096
1821
1568
1350
1158
1009
892
803
760
749
763
814
883
972
1080
1191
1314
1428
1538
1644
1733
1813
1880
1923
1960
1972
1971
1960
1928
1895
1854
1788
1729
1655
1582
1514
1438
1370
1311
1248
1203
1150
1114
1085
1054
1044
1034
1028
1031
1032
1047
1064
1081
1108
1138
1161
1194
1214
1245
1273
1295
1324
1348
1365
1387
1402
1428
1446
1465
1504
1549
1619
1717
1852
2035
2259
2527
2841
3185
3543
3871
3874
3873
3874
3874
3872
3875
3874
3873
3873
3874
3873
3872
3874
3874
3873
3875
3872
3873
3872
3873
3874
3873
3873
3734
3404
3080
2762
2449
2158
1877
1635
1412
1216
1064
945
850
799
770
777
812
867
950
1043
1149
1267
1379
1488
1596
1682
1770
1838
1893
1933
1945
1955
1945
1922
1896
1852
1802
1750
1682
1621
1554
1484
1423
1358
1302
1247
1197
1160
1131
1105
1089
1077
1076
1076
1072
1081
1096
1102
1123
1138
1158
1184
1201
1230
1255
1272
1298
1315
1340
1364
1380
1401
1419
1442
1470
1511
1583
1682
1806
1982
2196
2459
2764
3093
3450
3820
3872
3873
3874
3873
3873
3874
3873
3873
3874
3873
3874
3873
3873
3873
3876
3872
3874
3873
3874
3872
3874
3873
3874
3566
3239
2918
2597
2293
2006
1732
1496
1281
1101
951
837
764
725
714
741
789
860
956
1055
1171
1290
1405
1524
1631
1733
1819
1882
1938
1978
1990
2001
1989
1970
1935
1888
1842
1782
1719
1661
1590
1525
1465
1405
1356
1312
1267
1234
1203
1181
1165
1144
1140
1134
1128
1137
1139
1158
1173
1186
1207
1221
1240
1269
1285
1307
1332
1346
1361
1364
1384
1397
1409
1433
1463
1498
1558
1636
1746
1899
2083
2323
2594
2897
3236
3572
3871
3874
3873
3873
3873
3874
3872
3876
3872
3874
3874
3873
3872
3873
3875
3872
3873
3873
3873
3874
3873
3580
3258
2926
2610
2303
2000
1724
1469
1244
1052
889
768
681
627
617
635
681
757
843
955
1079
1204
1345
1467
1588
1704
1793
1882
1947
1989
2024
2034
2035
2015
1982
1943
1886
1822
1759
1683
1616
1541
1467
1404
1342
1287
1242
1196
1167
1142
1114
1103
1094
1086
1089
1090
1102
1122
1135
1161
1175
1198
1224
1242
1267
1289
1311
1337
1353
1373
1392
1399
1416
1437
1455
1493
1543
1612
1719
1857
2049
2281
2550
2866
3196
3545
3871
3872
3874
3873
3873
3874
3873
3875
3874
3873
3874
3874
3873
3873
3874
3874
3872
3874
3874
3873
3874
3872
3871
3537
3224
2903
2600
2301
2017
1756
1513
1308
1124
964
850
763
719
707
715
761
827
911
1015
1119
1239
1357
1465
1573
1669
1747
1824
1869
1909
1935
1932
1930
1909
1865
1823
1767
1706
1647
1576
1517
1450
1391
1338
1275
1228
1189
1156
1131
1102
1086
1074
1065
1071
1075
1080
1101
1117
1131
1153
1166
1190
1212
1228
1256
1265
1286
1305
1312
1335
1356
1368
1387
1405
1429
1468
1517
1603
1714
1868
2071
2312
2590
2911
3247
3607
3873
3875
3873
3873
3874
3874
3873
3874
3872
3874
3873
3873
3874
3874
3875
3874
3873
3875
3872
3873
3874
3873
3874
3730
3423
3116
2817
2510
2232
1963
1703
1478
1273
1098
953
837
763
720
700
720
759
826
910
1002
1108
1212
1320
1426
1516
1607
1685
1735
1790
1822
1838
1847
1834
1818
1785
1737
1689
1634
1576
1525
1455
1398
1345
1289
1239
1193
1153
1125
1092
1079
1071
1054
1055
1053
1063
1079
1089
1113
1134
1154
1181
1201
1226
1256
1277
1311
1332
1354
1379
1399
1416
1436
1446
1467
1486
1499
1533
1571
1642
1743
1879
2064
2289
2552
2860
3183
3532
3864
3874
3873
3874
3874
3873
3874
3872
3873
3874
3873
3873
3872
3874
3874
3872
3875
3873
3874
3873
3874
3873
3661
3365
3057
2754
2465
2183
1922
1678
1450
1259
1085
941
839
760
718
708
725
776
845
930
1034
1137
1255
1371
1477
1585
1679
1764
1836
1881
1923
1945
1948
1948
1924
1887
1847
1789
1734
1676
1604
1539
1473
1411
1356
1293
1247
1206
1164
1139
1110
1094
1082
1070
1077
1079
1086
1104
1116
1136
1160
1177
1204
1227
1249
1271
1286
1311
1330
1336
1355
1366
1375
1390
1397
1422
1449
1485
1556
1653
1785
1964
2181
2436
2732
3044
3379
3721
3872
3873
3872
3873
3873
3873
3875
3873
3874
3874
3872
3875
3872
3873
3874
3873
3873
3873
3873
3764
3465
3154
2856
2561
2279
2002
1744
1510
1294
1101
944
813
716
658
624
628
650
703
782
872
987
1110
1229
1358
1478
1590
1696
1783
1861
1929
1965
2000
2007
1998
1981
1940
1900
1853
1787
1730
1660
1593
1527
1453
1391
1339
1278
1232
1182
1150
1117
1088
1074
1057
1047
1047
1045
1052
1065
1075
1099
1121
1140
1168
1184
1212
1238
1253
1286
1310
1337
1360
1383
1410
1433
1446
1471
1491
1522
1570
1628
1723
1857
2030
2257
2520
2827
3166
3521
3868
3874
3874
3873
3873
3874
3873
3874
3873
3873
3874
3873
3874
3873
3874
3873
3872
3875
3874
3874
3873
3874
3874
3873
3873
3639
3325
3019
2715
2428
2148
1882
1649
1435
1250
1101
978
895
843
813
822
849
901
970
1046
1140
1242
1332
1432
1517
1598
1669
1718
1764
1790
1798
1799
1780
1759
1728
1679
1642
1590
1538
1489
1429
1379
1332
1280
1245
1207
1167
1139
1113
1091
1079
1070
1076
1070
1079
1091
1100
1123
1141
1154
1186
1215
1242
1268
1293
1320
1348
1370
1398
1419
1432
1450
1458
1474
1495
1502
1525
1548
1590
1655
1743
1879
2055
2272
2550
2859
3201
3565
3872
3873
3875
3873
3873
3875
3874
3874
3874
3873
3874
3874
3873
3874
3874
3875
3872
3874
3875
3873
3874
3873
3875
3874
3873
3848
3508
3196
2892
2588
2298
2029
1776
1550
1345
1177
1041
930
859
827
811
832
875
940
1024
1113
1222
1327
1423
1520
1598
1670
1738
1781
1817
1838
1841
1834
1811
1775
1737
1677
1630
1568
1505
1451
1389
1333
1286
1234
1201
1164
1130
1109
1088
1077
1076
1070
1078
1088
1102
1119
1136
1164
1188
1198
1227
1251
1272
1299
1312
1335
1359
1371
1393
1402
1417
1431
1435
1440
1456
1466
1491
1516
1567
1644
1752
1913
2111
2353
2646
2972
3317
3680
3873
3873
3875
3873
3873
3876
3873
3875
3874
3873
3873
3872
3873
3873
3876
3874
3872
3875
3873
3873
3875
3872
3669
3350
3029
2718
2413
2120
1852
1590
1367
1168
996
866
762
700
669
664
694
749
822
922
1028
1144
1270
1387
1513
1630
1732
1828
1897
1957
2003
2020
2031
2025
1999
1965
1913
1862
1796
1725
1663
1589
1514
1442
1371
1309
1252
1195
1153
1115
1088
1066
1042
1035
1032
1027
1040
1049
1063
1088
1105
1135
1156
1178
1210
1233
1258
1286
1301
1323
1338
1350
1366
1381
1409
1436
1469
1527
1611
1724
1888
2089
2336
2629
2947
3301
3660
3873
3874
3874
3874
3875
3873
3874
3874
3873
3874
3873
3874
3873
3874
3873
3873
3873
3874
3872
3873
3873
3872
3788
3464
3137
2823
2500
2205
1925
1654
1416
1204
1023
878
767
697
661
652
681
734
808
903
1007
1128
1253
1371
1497
1601
1698
1787
1853
1913
1955
1975
1982
1969
1947
1908
1856
1806
1745
1673
1603
1526
1452
1383
1311
1253
1201
1145
1103
1059
1028
1009
982
976
972
975
979
988
1009
1027
1045
1079
1110
1138
1177
1208
1242
1279
1307
1341
1365
1390
1421
1437
1462
1493
1525
1584
1658
1772
1911
2097
2334
2613
2927
3277
3638
3874
3873
3874
3874
3873
3874
3874
3874
3874
3873
3873
3874
3874
3874
3873
3875
3874
3873
3875
3874
3873
3874
3873
3873
3874
3702
3379
3068
2757
2461
2178
1903
1660
1446
1251
1099
969
879
826
794
802
832
879
951
1033
1127
1228
1318
1417
1509
1582
1652
1701
1744
1769
1771
1775
1758
1721
1684
1631
1576
1518
1453
1396
1338
1277
1228
1168
1124
1084
1045
1019
998
986
976
963
969
981
988
1007
1026
1048
1074
1096
1127
1158
1181
1213
1233
1255
1276
1286
1311
1324
1341
1360
1371
1394
1417
1445
1496
1570
1666
1811
1992
2217
2494
2801
3143
3505
3857
3873
3873
3874
3874
3874
3874
3873
3872
3874
3873
3872
3875
3874
3873
3875
3874
3873
3875
3874
3873
3874
3873
3836
3500
3188
2869
2568
2271
1987
1729
1490
1274
1093
934
820
729
669
649
654
685
739
807
898
997
1104
1218
1325
1431
1529
1601
1678
1728
1768
1799
1808
1812
1800
1772
1744
1703
1656
1607
1546
1488
1432
1371
1319
1260
1215
1169
1125
1096
1068
1039
1023
1010
1006
1009
1011
1026
1043
1058
1085
1108
1131
1161
1183
1214
1240
1258
1284
1301
1324
1347
1361
1393
1420
1449
1504
1574
1681
1827
2005
2236
2502
2800
3130
3467
3817
3873
3873
3876
3874
3874
3874
3872
3873
3874
3873
3875
3874
3873
3875
3874
3875
3873
3873
3873
3874
3868
3527
3213
2918
2623
2333
2058
1795
1556
1336
1141
987
853
758
698
664
659
686
729
805
894
991
1104
1218
1338
1455
1552
1658
1745
1820
1878
1917
1947
1955
1943
1927
1895
1850
1801
1736
1680
1614
1543
1481
1416
1357
1306
1250
1209
1168
1132
1109
1087
1076
1068
1065
1070
1074
1086
1106
1114
1142
1169
1187
1214
1243
1259
1287
1310
1334
1354
1370
1392
1407
1424
1451
1480
1528
1599
1696
1844
2026
2256
2540
2851
3207
3588
3873
3875
3875
3873
3874
3874
3875
3875
3874
3875
3873
3874
3875
3872
3875
3873
3873
3875
3872
3874
3874
3873
3875
3874
3874
3873
3874
3873
3685
3348
3020
2699
2385
2101
1838
1610
1410
1242
1120
1028
961
940
935
965
1014
1070
1144
1227
1314
1397
1477
1559
1625
1679
1732
1763
1779
1785
1771
1758
1736
1698
1661
1608
1557
1511
1453
1403
1357
1304
1262
1216
1180
1148
1119
1101
1090
1078
1083
1085
1092
1107
1119
1140
1161
1174
1204
1220
1242
1269
1284
1308
1333
1348
1367
1381
1404
1424
1448
1490
1541
1620
1737
1886
2080
2327
2613
2938
3303
3680
3874
3874
3874
3875
3874
3873
3876
3876
3875
3874
3873
3874
3874
3875
3874
3875
3874
3873
3876
3873
3875
3873
3875
3873
3874
3874
3752
3414
3065
2735
2410
2106
1824
1563
1345
1147
992
871
782
741
725
735
781
837
914
1006
1103
1207
1312
1402
1493
1571
1634
1686
1721
1748
1756
1747
1733
1700
1662
1617
1553
1496
1438
1375
1314
1253
1197
1147
1103
1066
1045
1021
1026
1038
1081
1139
1218
1335
1465
1615
1785
1959
2143
2327
2491
2651
2785
2881
2953
2980
2978
2938
2857
2747
2605
2428
2237
2026
1815
1599
1379
1176
974
801
652
516
423
359
316
316
335
381
450
521
633
737
855
982
1104
1218
1332
1430
1524
1602
1665
1719
1757
1781
1794
1783
1779
1758
1724
1695
1652
1615
1568
1519
1478
1433
1381
1341
1299
1258
1225
1192
1170
1147
1130
1116
1095
1091
1079
1064
1065
1062
1060
1069
1074
1087
1097
1105
1123
1138
1157
1181
1196
1213
1234
1246
1263
1274
1286
1303
1308
1325
1337
1337
1350
1352
1355
1363
1363
1365
1367
1360
1361
1352
1351
1352
1346
1344
1347
1341
1340
1333
1334
1334
1325
1326
1324
1313
1312
1305
1313
1332
1360
1427
1522
1668
1875
2124
2444
2812
3218
3656
3873
3874
3873
3873
3874
3873
3874
3873
3875
3874
3873
3874
3874
3874
3873
3874
3876
3873
3874
3874
3873
3873
3873
3875
3873
3875
3874
3873
3874
3873
3873
3873
3637
3303
2989
2692
2433
2205
2009
1850
1719
1624
1563
1521
1510
1515
1539
1571
1605
1647
1690
1724
1761
1785
1804
1816
1812
1803
1787
1758
1728
1692
1653
1613
1558
1510
1461
1406
1364
1317
1283
1245
1211
1194
1175
1158
1154
1145
1141
1150
1152
1165
1174
1186
1197
1210
1230
1249
1262
1288
1310
1328
1357
1371
1399
1417
1436
1458
1473
1493
1525
1552
1610
1686
1789
1942
2138
2384
2674
3000
3367
3756
3873
3875
3873
3875
3874
3873
3874
3873
3875
3874
3873
3874
3873
3875
3874
3873
3874
3873
3875
3873
3874
3874
3874
3874
3874
3874
3874
3874
3710
3357
3021
2684
2373
2090
1828
1605
1416
1261
1146
1068
1025
1017
1032
1076
1144
1216
1310
1407
1508
1608
1696
1782
1852
1902
1948
1972
1985
1979
1960
1932
1896
1849
1800
1737
1677
1613
1543
1485
1424
1362
1316
1266
1227
1198
1167
1148
1135
1124
1127
1121
1133
1146
1148
1166
1182
1199
1221
1236
1260
1283
1302
1328
1345
1361
1386
1402
1434
1466
1511
1581
1669
1808
1989
2210
2490
2822
3180
3578
3872
3874
3874
3874
3874
3873
3876
3874
3875
3876
3873
3875
3874
3874
3874
3874
3875
3873
3876
3874
3874
3874
3873
3874
3873
3874
3874
3874
3873
3465
3108
2762
2428
2126
1849
1605
1401
1236
1110
1029
970
957
975
1009
1073
1149
1235
1335
1426
1525
1607
1674
1741
1787
1831
1857
1866
1864
1852
1827
1789
1740
1691
1638
1572
1509
1451
1393
1343
1290
1252
1216
1184
1165
1144
1128
1125
1115
1121
1130
1134
1146
1161
1177
1194
1207
1229
1249
1262
1288
1308
1320
1341
1354
1381
1401
1425
1464
1503
1583
1684
1819
2000
2232
2491
2796
3118
3457
3803
3875
3874
3875
3875
3873
3875
3873
3873
3875
3875
3875
3875
3876
3873
3874
3876
3874
3875
3874
3873
3875
3560
3234
2910
2583
2274
1974
1689
1435
1203
1008
842
713
628
570
553
570
610
691
786
894
1023
1148
1281
1403
1517
1623
1716
1789
1853
1891
1910
1918
1905
1881
1844
1790
1738
1667
1598
1532
1457
1396
1333
1270
1221
1172
1133
1101
1069
1054
1032
1019
1018
1012
1023
1033
1042
1061
1077
1096
1116
1133
1158
1179
1195
1217
1237
1262
1282
1300
1337
1372
1424
1498
1592
1726
1902
2110
2367
2650
2954
3281
3608
3876
3873
3874
3876
3873
3875
3874
3875
3873
3874
3875
3873
3875
3875
3874
3875
3873
3876
3874
3873
3603
3315
3032
2744
2470
2197
1927
1685
1452
1244
1062
900
770
671
597
568
559
583
633
701
799
897
1006
1118
1229
1341
1448
1534
1618
1687
1731
1772
1789
1794
1789
1765
1739
1698
1647
1600
1542
1488
1436
1374
1322
1270
1225
1188
1145
1121
1098
1077
1071
1064
1059
1064
1063
1071
1083
1094
1111
1124
1136
1158
1170
1195
1211
1228
1248
1266
1293
1313
1331
1365
1399
1449
1522
1616
1741
1915
2122
2375
2661
2973
3312
3648
3873
3873
3875
3874
3874
3876
3873
3874
3874
3874
3874
3874
3876
3873
3875
3875
3874
3875
3874
3875
3874
3873
3784
3508
3236
2956
2673
2407
2138
1888
1653
1429
1235
1059
914
802
710
658
636
637
669
722
789
874
963
1067
1163
1253
1346
1429
1498
1564
1608
1644
1669
1675
1677
1658
1638
1611
1567
1522
1481
1430
1383
1336
1290
1249
1203
1177
1151
1123
1108
1096
1085
1083
1082
1095
1103
1112
1131
1140
1157
1181
1195
1222
1241
1256
1274
1290
1304
1319
1331
1355
1369
1377
1393
1406
1428
1465
1509
1581
1675
1802
1972
2175
2420
2703
3001
3333
3669
3874
3873
3875
3876
3875
3874
3872
3877
3873
3875
3873
3874
3876
3873
3875
3873
3875
3874
3873
3875
3876
3873
3728
3466
3197
2925
2650
2383
2120
1865
1633
1418
1225
1061
918
810
732
678
661
663
699
756
822
910
1003
1097
1192
1282
1369
1447
1511
1570
1612
1648
1672
1680
1686
1680
1655
1633
1595
1558
1516
1461
1416
1371
1322
1285
1244
1211
1186
1158
1141
1131
1118
1119
1113
1117
1128
1134
1155
1171
1187
1211
1229
1248
1271
1283
1308
1329
1341
1361
1371
1386
1397
1399
1416
1419
1426
1432
1429
1435
1441
1440
1450
1460
1479
1516
1567
1669
1801
1964
2183
2436
2714
3034
3357
3690
3873
3874
3875
3873
3874
3874
3873
3874
3874
3873
3874
3876
3874
3875
3874
3873
3876
3873
3874
3874
3688
3430
3160
2900
2633
2371
2122
1878
1656
1453
1264
1111
978
871
796
746
733
741
774
832
902
981
1073
1164
1262
1361
1446
1530
1592
1651
1696
1717
1742
1748
1738
1725
1699
1668
1627
1578
1542
1494
1448
1407
1366
1329
1295
1263
1244
1226
1204
1192
1178
1174
1172
1164
1172
1181
1192
1209
1221
1247
1266
1284
1311
1330
1351
1375
1391
1412
1431
1444
1460
1478
1487
1501
1499
1504
1504
1494
1496
1486
1481
1476
1459
1454
1450
1445
1460
1482
1532
1619
1738
1896
2095
2324
2595
2881
3197
3508
3803
3875
3873
3875
3874
3874
3875
3874
3874
3874
3875
3874
3873
3874
3872
3873
3874
3872
3623
3365
3109
2848
2601
2354
2102
1875
1655
1456
1279
1116
993
885
806
762
743
753
793
845
927
1019
1118
1228
1333
1444
1547
1635
1727
1801
1850
1896
1923
1929
1933
1913
1894
1857
1814
1772
1714
1663
1608
1543
1491
1439
1388
1344
1300
1271
1241
1212
1202
1185
1175
1177
1173
1174
1186
1197
1212
1225
1244
1267
1284
1307
1333
1352
1380
1403
1426
1449
1466
1491
1512
1531
1555
1568
1574
1586
1586
1592
1590
1585
1585
1570
1565
1557
1541
1535
1529
1525
1529
1538
1579
1636
1723
1864
2036
2254
2523
2820
3145
3491
3830
3873
3876
3874
3875
3874
3873
3874
3874
3873
3874
3874
3875
3874
3874
3876
3873
3874
3873
3874
3875
3874
3873
3875
3873
3687
3419
3141
2873
2599
2343
2101
1872
1670
1490
1336
1217
1123
1064
1032
1026
1046
1078
1132
1205
1282
1365
1447
1528
1606
1674
1740
1789
1824
1852
1865
1866
1859
1834
1811
1780
1741
1706
1652
1614
1571
1517
1480
1437
1392
1356
1319
1295
1270
1249
1233
1223
1208
1204
1199
1203
1216
1224
1245
1265
1283
1307
1328
1351
1381
1400
1431
1459
1479
1505
1523
1548
1571
1586
1603
1621
1627
1634
1636
1640
1638
1627
1620
1596
1583
1568
1544
1533
1521
