1856
1894
1904
1907
1906
1910
1914
1914
1907
1915
1918
1923
1917
1922
1922
1925
1929
1924
1929
1920
1925
1932
1924
1931
1937
1926
1923
1924
1924
1933
1932
1941
1949
1966
1980
2002
2037
2069
2117
2159
2214
2268
2338
2400
2463
2530
2593
2652
2710
2760
2811
2856
2902
2938
2972
2997
3018
3036
3047
3051
3060
3058
3049
3038
3021
3005
2976
2942
2908
2872
2832
2784
2727
2677
2621
2558
2501
2428
2354
2277
2197
2112
2026
1949
1867
1787
1713
1653
1602
1558
1526
1492
1477
1477
1472
1476
1481
1503
1528
1544
1572
1592
1628
1653
1680
1703
1719
1747
1774
1785
1803
1818
1835
1836
1847
1855
1858
1868
1857
1866
1861
1859
1848
1856
1847
1842
1841
1839
1836
1835
1824
1825
1828
1822
1822
1817
1823
1822
1829
1829
1828
1839
1839
1849
1848
1849
1856
1857
1868
1861
1870
1875
1881
1881
1886
1879
1895
1888
1889
1901
1894
1903
1901
1901
1898
1899
1901
1910
1904
1911
1911
1912
1912
1915
1918
1915
1922
1922
1920
1922
1926
1921
1919
1919
1927
1921
1921
1918
1923
1923
1930
1929
1926
1941
1931
1947
1964
1972
2004
2031
2075
2113
2161
2218
2282
2339
2410
2472
2535
2604
2665
2722
2771
2821
2857
2905
2932
2954
2971
2989
3001
3000
3008
3000
2988
2976
2953
2929
2906
2871
2835
2802
2750
2711
2662
2615
2556
2504
2444
2372
2300
2228
2144
2068
1988
1917
1848
1785
1724
1677
1629
1603
1570
1550
1540
1540
1544
1544
1553
1572
1588
1607
1628
1644
1668
1689
1714
1734
1748
1763
1784
1797
1808
1821
1828
1833
1840
1839
1844
1847
1849
1853
1852
1849
1846
1850
1845
1843
1845
1840
1843
1837
1836
1832
1832
1830
1832
1831
1831
1838
1829
1833
1838
1839
1841
1839
1845
1849
1847
1856
1859
1857
1864
1867
1865
1876
1873
1874
1874
1879
1887
1884
1885
1889
1892
1896
1900
1902
1901
1904
1908
1906
1897
1908
1911
1914
1910
1917
1912
1911
1914
1919
1920
1913
1917
1911
1908
1913
1911
1914
1915
1913
1920
1918
1930
1932
1938
1957
1977
1991
2028
2065
2100
2155
2213
2276
2333
2400
2464
2531
2586
2649
2707
2764
2809
2853
2889
2922
2955
2974
2996
3005
3015
3018
3010
3001
2993
2975
2954
2924
2882
2848
2805
2772
2728
2685
2622
2573
2525
2466
2401
2335
2269
2194
2112
2035
1956
1891
1818
1743
1687
1639
1596
1559
1528
1506
1495
1490
1497
1502
1506
1527
1543
1571
1594
1614
1642
1666
1683
1708
1723
1739
1764
1773
1786
1795
1804
1804
1817
1817
1821
1821
1827
1829
1827
1823
1823
1828
1828
1824
1829
1821
1829
1827
1823
1826
1826
1824
1829
1824
1832
1831
1839
1841
1845
1839
1847
1847
1852
1855
1860
1860
1869
1869
1870
1870
1872
1877
1880
1882
1881
1877
1887
1878
1889
1891
1887
1898
1896
1900
1898
1896
1902
1905
1902
1903
1905
1906
1911
1913
1917
1918
1917
1917
1912
1916
1919
1931
1918
1920
1920
1923
1925
1932
1931
1921
1931
1939
1940
1943
1946
1953
1970
1988
2012
2036
2077
2123
2169
2223
2281
2339
2409
2472
2526
2585
2637
2695
2748
2787
2835
2865
2903
2927
2948
2963
2980
2989
2996
2992
2985
2983
2961
2954
2923
2902
2873
2836
2793
2759
2710
2669
2618
2567
2519
2456
2395
2331
2260
2184
2100
2023
1956
1882
1804
1743
1683
1630
1586
1550
1525
1502
1494
1488
1486
1491
1509
1531
1557
1569
1598
1623
1642
1673
1696
1719
1746
1759
1779
1792
1807
1819
1828
1829
1838
1844
1848
1846
1846
1847
1848
1843
1837
1839
1829
1834
1830
1832
1827
1831
1826
1829
1825
1820
1822
1834
1826
1832
1833
1833
1845
1845
1851
1851
1856
1856
1870
1870
1875
1875
1880
1888
1890
1892
1892
1900
1908
1902
1907
1899
1900
1908
1905
1910
1907
1910
1909
1910
1915
1910
1911
1914
1921
1920
1916
1922
1923
1923
1925
1919
1924
1927
1922
1929
1924
1937
1932
1933
1931
1932
1933
1940
1936
1939
1937
1941
1937
1938
1947
1953
1960
1979
2003
2026
2074
2104
2159
2208
2258
2321
2386
2438
2507
2557
2621
2675
2724
2772
2804
2842
2870
2896
2916
2928
2938
2947
2944
2936
2928
2917
2897
2884
2853
2829
2797
2755
2718
2679
2633
2582
2535
2488
2426
2370
2310
2246
2185
2105
2038
1972
1903
1838
1786
1739
1695
1652
1625
1594
1586
1577
1576
1584
1590
1600
1614
1629
1643
1671
1686
1710
1735
1753
1767
1788
1806
1823
1831
1840
1850
1853
1861
1869
1867
1873
1875
1876
1876
1875
1868
1870
1871
1865
1860
1857
1858
1852
1852
1850
1851
1856
1845
1844
1843
1852
1851
1856
1849
1849
1853
1853
1860
1859
1865
1868
1870
1869
1869
1879
1883
1888
1889
1892
1893
1895
1899
1897
1906
1896
1910
1908
1909
1911
1909
1917
1918
1911
1919
1923
1919
1921
1925
1924
1932
1926
1930
1933
1936
1937
1937
1938
1932
1936
1943
1937
1935
1934
1932
1943
1947
1943
1953
1944
1958
1976
1988
2018
2044
2084
2131
2181
2243
2294
2360
2425
2485
2545
2604
2663
2698
2754
2791
2825
2858
2874
2896
2911
2917
2927
2919
2919
2911
2894
2878
2849
2828
2801
2764
2728
2695
2651
2601
2556
2512
2463
2412
2359
2294
2228
2160
2093
2025
1961
1891
1832
1769
1712
1673
1631
1601
1586
1566
1556
1559
1566
1577
1583
1602
1619
1641
1669
1684
1711
1733
1750
1772
1787
1817
1825
1843
1849
1857
1862
1877
1882
1874
1885
1877
1880
1878
1873
1876
1872
1866
1860
1860
1860
1862
1864
1859
1857
1850
1866
1853
1858
1859
1858
1861
1860
1866
1860
1867
1873
1871
1875
1875
1876
1882
1883
1883
1893
1892
1900
1897
1902
1903
1903
1896
1904
1903
1902
1903
1901
1904
1909
1906
1915
1909
1910
1916
1915
1912
1917
1927
1923
1919
1921
1923
1923
1931
1928
1928
1931
1929
1929
1929
1927
1938
1935
1933
1933
1933
1935
1938
1939
1935
1937
1942
1951
1949
1958
1977
1993
2010
2047
2078
2123
2169
2220
2285
2348
2408
2483
2533
2592
2651
2708
2758
2798
2833
2872
2895
2922
2941
2949
2959
2960
2963
2951
2939
2933
2912
2893
2860
2832
2797
2758
2722
2687
2633
2600
2546
2493
2437
2385
2326
2266
2197
2129
2069
1990
1931
1854
1791
1725
1676
1635
1597
1565
1550
1521
1518
1522
1520
1537
1547
1570
1599
1612
1634
1671
1689
1717
1737
1756
1777
1800
1818
1833
1839
1857
1864
1870
1875
1881
1880
1878
1873
1879
1870
1872
1868
1856
1852
1851
1848
1847
1846
1835
1840
1838
1836
1838
1834
1833
1835
1836
1842
1840
1853
1853
1854
1864
1856
1868
1871
1872
1876
1879
1885
1890
1887
1896
1894
1903
1900
1906
1907
1906
1910
1907
1913
1915
1915
1913
1918
1918
1918
1914
1920
1918
1919
1919
1913
1916
1915
1922
1919
1922
1927
1922
1930
1926
1929
1934
1933
1936
1938
1932
1943
1935
1940
1936
1941
1937
1941
1940
1938
1941
1943
1940
1945
1954
1964
1975
1997
2024
2047
2096
2133
2186
2237
2285
2353
2412
2470
2536
2582
2641
2689
2728
2768
2804
2829
2864
2874
2886
2905
2898
2910
2905
2889
2878
2861
2839
2823
2789
2765
2732
2684
2655
2609
2560
2521
2475
2425
2367
2320
2265
2208
2144
2077
2019
1958
1893
1826
1775
1721
1681
1642
1601
1592
1570
1565
1563
1565
1575
1586
1606
1625
1647
1674
1699
1712
1743
1759
1781
1804
1820
1830
1847
1854
1873
1872
1882
1890
1882
1888
1888
1885
1891
1880
1884
1876
1873
1871
1874
1865
1860
1861
1854
1852
1852
1853
1856
1852
1855
1856
1854
1856
1857
1857
1864
1869
1873
1872
1880
1882
1876
1890
1888
1898
1908
1906
1907
1916
1904
1917
1918
1917
1917
1921
1920
1920
1919
1917
1917
1922
1928
1922
1918
1929
1921
1922
1924
1927
1922
1927
1925
1928
1926
1928
1935
1935
1935
1937
1941
1943
1946
1946
1947
1950
1948
1951
1949
1946
1946
1949
1948
1948
1956
1956
1956
1967
1976
1990
2013
2037
2072
2102
2145
2193
2254
2303
2362
2421
2477
2527
2585
2623
2664
2705
2740
2760
2780
2792
2800
2803
2794
2790
2780
2767
2758
2729
2710
2682
2654
2623
2585
2554
2514
2479
2440
2392
2351
2316
2263
2222
2171
2111
2059
2005
1945
1905
1854
1810
1772
1740
1709
1685
1676
1669
1658
1668
1673
1674
1687
1709
1727
1746
1759
1785
1806
1817
1827
1849
1866
1878
1883
1892
1904
1903
1909
1916
1915
1914
1913
1914
1905
1910
1915
1902
1905
1896
1895
1896
1888
1887
1890
1879
1884
1879
1882
1886
1878
1884
1885
1873
1884
1887
1886
1889
1885
1887
1894
1893
1898
1896
1899
1898
1904
1907
1910
1907
1909
1912
1912
1921
1916
1918
1916
1916
1914
1923
1930
1930
1928
1928
1928
1929
1936
1935
1931
1937
1933
1944
1936
1933
1943
1939
1938
1942
1943
1949
1942
1942
1945
1947
1943
1954
1948
1949
1952
1948
1956
1956
1949
1950
1954
1956
1960
1970
1976
1994
2016
2045
2073
2111
2156
2202
2262
2310
2372
2435
2487
2542
2592
2637
2680
2720
2743
2772
2788
2812
2817
2825
2831
2819
2821
2807
2790
2777
2753
2737
2710
2678
2650
2614
2578
2547
2510
2473
2427
2385
2345
2296
2245
2196
2141
2094
2040
1978
1923
1868
1819
1772
1722
1691
1660
1637
1622
1613
1612
1619
1622
1637
1653
1675
1699
1712
1735
1763
1789
1802
1823
1840
1863
1869
1881
1901
1900
1910
1918
1909
1918
1916
1919
1916
1915
1911
1908
1903
1899
1891
1892
1888
1884
1884
1884
1872
1875
1876
1876
1879
1878
1880
1879
1881
1883
1886
1886
1888
1893
1897
1890
1895
1904
1889
1906
1900
1909
1909
1913
1912
1916
1913
1919
1923
1917
1927
1923
1923
1922
1913
1926
1923
1927
1929
1925
1930
1927
1927
1932
1936
1933
1936
1937
1937
1943
1941
1941
1944
1941
1945
1949
1955
1951
1953
1957
1952
1951
1964
1953
1955
1957
1953
1955
1959
1956
1958
1958
1966
1956
1954
1961
1973
1977
1985
2006
2029
2054
2094
2136
2175
2228
2286
2341
2400
2455
2505
2559
2607
2649
2686
2717
2735
2765
2785
2789
2801
2806
2805
2806
2795
2778
2772
2748
2728
2710
2684
2648
2624
2592
2551
2520
2484
2448
2406
2363
2318
2271
2230
2183
2127
2078
2020
1959
1919
1864
1805
1769
1727
1699
1665
1646
1637
1620
1625
1634
1642
1652
1671
1685
1707
1724
1740
1764
1788
1807
1822
1842
1853
1865
1879
1884
1895
1908
1913
1907
1915
1914
1912
1915
1915
1913
1908
1899
1896
1898
1897
1892
1888
1891
1888
1890
1883
1882
1885
1883
1882
1892
1877
1884
1884
1886
1893
1899
1899
1906
1902
1911
1912
1914
1912
1913
1916
1924
1924
1918
1925
1925
1928
1924
1927
1925
1928
1929
1930
1926
1935
1930
1937
1937
1933
1937
1935
1933
1936
1934
1940
1940
1939
1951
1937
1947
1945
1947
1945
1951
1947
1954
1954
1947
1953
1952
1956
1945
1954
1949
1952
1952
1951
1953
1957
1945
1948
1955
1956
1956
1958
1962
1975
1987
2011
2038
2069
2112
2158
2200
2255
2318
2373
2431
2477
2537
2589
2618
2660
2683
2709
2734
2744
2758
2760
2756
2757
2749
2735
2723
2698
2676
2657
2626
2605
2567
2552
2517
2480
2446
2417
2379
2340
2311
2264
2216
2178
2132
2085
2031
1982
1932
1885
1840
1805
1769
1744
1722
1708
1695
1695
1698
1701
1710
1721
1727
1746
1764
1779
1796
1813
1827
1845
1855
1873
1879
1892
1907
1912
1924
1929
1929
1934
1935
1944
1944
1944
1934
1929
1931
1930
1926
1926
1917
1917
1909
1911
1903
1905
1897
1902
1898
1898
1899
1890
1895
1902
1891
1895
1898
1904
1903
1909
1906
1914
1910
1915
1923
1920
1925
1921
1928
1932
1930
1932
1935
1938
1937
1937
1941
1938
1937
1941
1943
1939
1940
1937
1937
1936
1938
1936
1945
1938
1937
1943
1939
1946
1945
1949
1946
1943
1948
1949
1949
1954
1952
1960
1953
1958
1954
1953
1960
1958
1953
1956
1957
1960
1963
1968
1970
1982
2005
2026
2062
2090
2132
2175
2221
2277
2330
2383
2437
2491
2533
2572
2612
2639
2660
2675
2694
2703
2702
2701
2696
2678
2668
2658
2638
2614
2584
2557
2532
2506
2470
2444
2409
2378
2344
2306
2272
2225
2191
2151
2097
2061
2019
1968
1934
1890
1856
1827
1803
1784
1766
1754
1744
1740
1746
1753
1754
1768
1775
1793
1806
1822
1832
1848
1862
1877
1890
1901
1910
1920
1919
1932
1931
1937
1935
1921
1935
1928
1930
1929
1921
1929
1912
1916
1918
1911
1915
1917
1917
1912
1911
1908
1903
1908
1910
1899
1910
1904
1907
1905
1911
1913
1915
1908
1913
1921
1926
1924
1925
1916
1928
1929
1932
1927
1937
1935
1937
1938
1941
1935
1937
1944
1942
1945
1948
1944
1947
1944
1942
1945
1945
1945
1949
1941
1949
1942
1941
1943
1950
1945
1940
1944
1952
1950
1947
1946
1953
1955
1955
1957
1962
1961
1965
1965
1962
1969
1967
1968
1966
1967
1965
1961
1961
1966
1967
1964
1980
1981
2000
2015
2036
2069
2104
2137
2188
2231
2288
2340
2393
2451
2495
2549
2592
2629
2676
2701
2721
2740
2759
2777
2777
2782
2787
2784
2771
2766
2756
2739
2721
2706
2683
2654
2628
2611
2572
2551
2516
2481
2449
2410
2371
2330
2285
2239
2193
2143
2090
2034
1974
1927
1871
1820
1775
1734
1711
1682
1656
1644
1637
1640
1645
1652
1668
1683
1692
1722
1725
1754
1777
1796
1820
1833
1845
1858
1876
1887
1897
1899
1912
1915
1924
1918
1921
1933
1919
1917
1917
1912
1913
1912
1908
1900
1897
1898
1895
1893
1889
1894
1890
1893
1880
1889
1884
1888
1890
1885
1888
1896
1893
1893
1901
1900
1905
1901
1904
1911
1914
1913
1918
1921
1919
1926
1930
1932
1935
1937
1939
1941
1943
1943
1939
1940
1940
1946
1944
1939
1942
1939
1949
1944
1943
1944
1944
1940
1942
1941
1939
1939
1938
1948
1947
1941
1950
1950
1950
1956
1949
1958
1957
1957
1956
1956
1955
1954
1955
1956
1955
1954
1958
1968
1972
1986
1989
2017
2037
2069
2107
2144
2199
2245
2304
2355
2404
2460
2516
2561
2610
2655
2685
2713
2733
2756
2776
2787
2795
2793
2787
2782
2776
2760
2746
2730
2714
2686
2655
2636
2614
2578
2542
2506
2476
2436
2400
2365
2313
2278
2233
2186
2135
2083
2032
1978
1919
1868
1824
1773
1735
1703
1675
1657
1637
1626
1631
1630
1641
1650
1665
1679
1704
1729
1743
1766
1792
1803
1820
1837
1859
1870
1879
1891
1896
1902
1910
1914
1918
1921
1918
1911
1917
1911
1908
1915
1904
1907
1901
1899
1892
1891
1888
1885
1885
1884
1890
1878
1887
1884
1887
1887
1894
1891
1893
1896
1899
1892
1903
1904
1911
1909
1907
1917
1919
1922
1924
1929
1930
1933
1931
1930
1928
1937
1936
1941
1941
1942
1938
1943
1942
1935
1939
1945
1941
1942
1944
1950
1949
1942
1949
1954
1945
1950
1947
1949
1945
1957
1956
1953
1956
1962
1957
1953
1959
1954
1954
1952
1949
1951
1952
1943
1951
1949
1954
1962
1968
1981
1999
2019
2046
2073
2117
2165
2216
2266
2319
2386
2433
2476
2535
2571
2616
2648
2664
2695
2697
2712
2724
2724
2713
2708
2694
2685
2667
2648
2626
2600
2578
2554
2516
2485
2456
2425
2389
2354
2324
2276
2244
2196
2157
2115
2070
2020
1975
1934
1888
1857
1816
1785
1761
1743
1729
1719
1713
1713
1724
1731
1746
1756
1768
1788
1800
1825
1835
1853
1867
1880
1893
1902
1904
1921
1920
1932
1931
1928
1938
1936
1937
1937
1933
1935
1933
1923
1924
1922
1922
1918
1911
1918
1909
1909
1916
1909
1912
1908
1909
1908
1909
1905
1910
1905
1910
1914
1909
1910
1914
1912
1917
1916
1911
1924
1921
1925
1927
1929
1929
1934
1935
1938
1930
1939
1944
1940
1935
1940
1941
1946
1948
1948
1944
1946
1949
1946
1951
1955
1950
1943
1944
1947
1947
1950
1956
1953
1957
1956
1956
1952
1957
1961
1956
1961
1954
1959
1958
1952
1957
1953
1958
1957
1963
1970
1976
1987
2003
2019
2057
2087
2125
2175
2221
2272
2324
2380
2441
2488
2541
2585
2621
2660
2691
2711
2736
2749
2758
2761
2768
2764
2757
2752
2737
2721
2701
2688
2668
2635
2620
2591
2558
2528
2488
2456
2423
2389
2345
2306
2269
2223
2178
2134
2085
2037
1980
1931
1884
1835
1789
1759
1720
1702
1685
1661
1661
1657
1668
1679
1688
1701
1711
1730
1753
1770
1795
1809
1830
1845
1850
1868
1885
1895
1906
1912
1919
1923
1925
1921
1934
1924
1929
1928
1928
1926
1915
1921
1915
1910
1907
1902
1900
1903
1903
1897
1900
1895
1894
1889
1892
1885
1894
1889
1893
1891
1899
1896
1900
1900
1905
1906
1906
1912
1910
1920
1914
1926
1923
1929
1921
1928
1931
1932
1929
1929
1929
1933
1936
1934
1931
1928
1934
1937
1929
1936
1936
1941
1940
1938
1939
1950
1945
1952
1948
1954
1961
1960
1958
1962
1954
1964
1958
1962
1962
1957
1953
1958
1963
1960
1959
1961
1964
1960
1963
1963
1967
1970
1984
2001
2010
2033
2069
2103
2152
2194
2249
2299
2368
2419
2474
2530
2574
2630
2665
2704
2737
2759
2781
2801
2801
2819
2813
2817
2813
2802
2791
2779
2752
2741
2712
2693
2669
2637
2606
2571
2543
2506
2467
2412
2385
2345
2300
2252
2198
2144
2094
2034
1984
1923
1872
1819
1771
1729
1689
1661
1640
1622
1615
1609
1610
1626
1633
1654
1675
1688
1717
1735
1757
1778
1798
1813
1838
1849
1864
1869
1889
1891
1901
1898
1901
1900
1905
1903
1901
1912
1901
1902
1904
1889
1901
1888
1891
1884
1878
1878
1885
1878
1876
1876
1878
1882
1875
1881
1881
1879
1894
1891
1893
1903
1901
1900
1900
1899
1898
1905
1912
1909
1909
1910
1911
1919
1923
1922
1925
1926
1921
1922
1927
1927
1931
1930
1931
1925
1926
1930
1935
1935
1931
1937
1943
1941
1937
1945
1943
1938
1945
1949
1946
1945
1942
1947
1946
1950
1953
1959
1957
1953
1956
1949
1954
1958
1957
1957
1960
1956
1951
1957
1950
1949
1951
1956
1962
1960
1969
1986
1993
2022
2043
2088
2125
2170
2220
2271
2326
2385
2437
2496
2547
2584
2632
2670
2698
2733
2742
2755
2766
2773
2772
2773
2762
2758
2740
2729
2702
2687
2672
2641
2620
2587
2559
2520
2489
2457
2424
2382
2342
2291
2245
2206
2152
2106
2053
2006
1948
1897
1848
1798
1764
1728
1704
1682
1670
1665
1660
1665
1674
1678
1698
1714
1718
1753
1767
1789
1806
1826
1840
1847
1863
1875
1890
1895
1903
1916
1911
1918
1920
1921
1920
1918
1919
1919
1914
1909
1914
1909
1905
1907
1901
1896
1901
1891
1888
1889
1884
1880
1872
1872
1881
1872
1880
1885
1881
1888
1890
1882
1891
1895
1898
1902
1898
1906
1906
1907
1909
1911
1911
1916
1918
1923
1921
1917
1926
1928
1929
1926
1930
1933
1933
1932
1938
1937
1944
1943
1941
1942
1941
1948
1951
1943
1950
1947
1950
1949
1948
1945
1951
1946
1951
1950
1952
1953
1952
1949
1953
1948
1952
1952
1947
1956
1952
1949
1955
1959
1959
1964
1979
1995
2017
2052
2085
2120
2158
2211
2257
2310
2363
2418
2468
2513
2565
2594
2633
2662
2682
2703
2721
2730
2728
2730
2724
2717
2705
2697
2668
2652
2628
2607
2579
2550
2518
2490
2453
2424
2382
2347
2309
2269
2228
2183
2136
2092
2039
1992
1949
1898
1859
1821
1788
1758
1730
1722
1708
1703
1704
1708
1721
1730
1747
1760
1779
1792
1810
1829
1838
1852
1868
1871
1888
1899
1897
1916
1916
1917
1928
1924
1931
1925
1922
1919
1918
1914
1915
1909
1900
1907
1901
1902
1900
1899
1901
1891
1892
1890
1893
1891
1889
1895
1895
1893
1898
1899
1899
1904
1907
1903
1914
1916
1922
1912
1921
1925
1919
1923
1923
1929
1932
1928
1920
1927
1927
1934
1938
1930
1931
1935
1940
1933
1941
1935
1936
1937
1945
1936
1939
1945
1942
1946
1949
1942
1950
1948
1952
1948
1947
1948
1952
1946
1951
1948
1954
1956
1953
1957
1952
1953
1961
1958
1960
1956
1958
1959
1960
1962
1962
1963
1965
1968
1960
1965
1965
1972
1982
1985
1998
2007
2037
2068
2099
2138
2183
2229
2286
2333
2395
2450
2501
2544
2584
2625
2662
2693
2717
2747
2760
2780
2787
2793
2789
2791
2786
2780
2768
2756
2745
2723
2697
2672
2637
2616
2584
2558
2522
2477
2448
2405
2367
2324
2281
2226
2181
2132
2073
2025
1968
1919
1872
1822
1781
1742
1718
1684
1679
1667
1659
1655
1660
1670
1684
1701
1715
1733
1750
1771
1792
1808
1820
1841
1859
1872
1887
1897
1897
1905
1913
1917
1920
1911
1916
1915
1918
1909
1907
1908
1907
1904
1899
1898
1894
1894
1889
1887
1886
1891
1882
1889
1886
1875
1882
1885
1882
1883
1885
1894
1895
1897
1899
1900
1906
1902
1906
1916
1910
1916
1916
1923
1925
1919
1926
1921
1922
1924
1929
1924
1936
1928
1932
1923
1930
1932
1923
1935
1932
1934
1927
1930
1933
1938
1937
1943
1938
1938
1941
1942
1940
1940
1941
1953
1951
1950
1949
1949
1949
1951
1951
1955
1956
1956
1962
1960
1963
1962
1964
1954
1960
1953
1955
1965
1960
1961
1961
1964
1969
1970
1995
2002
2024
2050
2083
2119
2164
2208
2258
2308
2361
2415
2466
2516
2562
2598
2639
2669
2693
2724
2730
2738
2746
2755
2756
2745
2733
2725
2709
2695
2667
2643
2618
2590
2565
2531
2500
2469
2435
2392
2361
2322
2280
2245
2193
2156
2109
2062
2014
1962
1918
1880
1831
1801
1766
1737
1720
1705
1697
1699
1695
1697
1709
1713
1734
1749
1762
1782
1806
1818
1838
1846
1865
1881
1891
1903
1907
1915
1919
1919
1930
1926
1925
1929
1928
1925
1920
1919
1915
1911
1909
1907
1906
1901
1902
1898
1892
1892
1893
1889
1894
1890
1901
1897
1899
1894
1890
1899
1894
1901
1907
1900
1906
1908
1906
1911
1909
1924
1918
1918
1922
1920
1923
1927
1926
1929
1931
1934
1929
1935
1932
1935
1933
1934
1933
1933
1944
1932
1935
1931
1935
1938
1936
1937
1940
1938
1947
1946
1941
1949
1948
1948
1958
1958
1954
1961
1962
1961
1962
1964
1967
1968
1970
1963
1958
1963
1959
1956
1960
1957
1963
1959
1963
1968
1973
1989
2005
2028
2051
2081
2125
2169
2210
2252
2310
2362
2402
2453
2496
2526
2565
2592
2610
2622
2634
2642
2647
2650
2644
2633
2628
2617
2597
2569
2553
2530
2503
2482
2448
2420
2389
2367
2344
2303
2270
2238
2201
2162
2128
2088
2047
2014
1969
1934
1897
1871
1838
1815
1796
1785
1777
1781
1773
1774
1780
1785
1804
1815
1827
1834
1848
1862
1876
1882
1893
1901
1910
1917
1921
1924
1932
1945
1944
1944
1941
1945
1938
1948
1941
1939
1942
1932
1932
1934
1931
1933
1936
1925
1923
1918
1921
1921
1919
1921
1928
1919
1921
1915
1922
1926
1925
1929
1931
1922
1937
1925
1931
1933
1928
1936
1939
1933
1937
1941
1944
1944
1944
1948
1950
1950
1953
1949
1954
1950
1951
1954
1949
1951
1953
1947
1952
1948
1951
1955
1956
1954
1958
1954
1957
1956
1965
1969
1963
1967
1971
1964
1970
1963
1971
1973
1973
1970
1974
1970
1974
1973
1972
1966
1974
1973
1976
1976
1971
1966
1971
1977
1979
1981
1993
1998
2024
2042
2062
2103
2134
2174
2221
2260
2320
2367
2416
2462
2511
2551
2588
2615
2650
2672
2687
2702
2706
2714
2716
2711
2708
2700
2686
2677
2663
2645
2631
2609
2577
2551
2532
2500
2468
2442
2421
2380
2353
2310
2279
2240
2201
2165
2115
2070
2016
1978
1934
1893
1860
1826
1799
1777
1758
1745
1746
1736
1741
1748
1751
1766
1783
1788
1801
1816
1830
1852
1852
1865
1877
1888
1898
1905
1915
1919
1930
1932
1933
1936
1933
1935
1932
1937
1929
1931
1927
1929
1922
1917
1921
1916
1913
1907
1912
1913
1913
1907
1910
1908
1911
1926
1909
1915
1915
1910
1911
1922
1920
1920
1918
1922
1925
1926
1926
1930
1924
1931
1922
1932
1933
1928
1938
1945
1937
1942
1939
1941
1941
1944
1944
1943
1944
1947
1944
1949
1949
