1408
1321
1245
1184
1133
1098
1076
1059
1058
1064
1082
1103
1137
1178
1229
1283
1346
1412
1474
1545
1612
1676
1737
1793
1845
1885
1920
1952
1967
1978
1984
1976
1970
1954
1937
1913
1884
1857
1821
1787
1751
1712
1674
1633
1596
1561
1532
1508
1485
1468
1458
1449
1440
1440
1437
1438
1444
1450
1460
1471
1483
1496
1509
1522
1540
1552
1567
1581
1596
1609
1623
1635
1645
1655
1669
1680
1685
1694
1703
1707
1716
1720
1726
1728
1736
1757
1788
1846
1929
2042
2193
2385
2612
2859
3130
3409
3682
3875
3874
3875
3875
3876
3876
3874
3876
3875
3875
3876
3876
3875
3874
3876
3875
3694
3459
3220
2988
2761
2546
2350
2166
2000
1854
1724
1609
1516
1432
1359
1302
1253
1218
1189
1170
1158
1154
1160
1178
1200
1232
1272
1315
1364
1412
1467
1519
1578
1636
1685
1730
1773
1812
1841
1864
1882
1893
1902
1908
1908
1897
1885
1868
1845
1823
1798
1774
1746
1714
1687
1654
1630
1608
1583
1559
1543
1525
1510
1502
1493
1483
1479
1479
1481
1480
1481
1487
1492
1503
1509
1520
1529
1542
1553
1562
1573
1588
1599
1617
1636
1649
1661
1675
1692
1704
1722
1733
1741
1745
1750
1751
1751
1750
1747
1742
1737
1730
1725
1714
1704
1698
1695
1696
1706
1725
1762
1831
1929
2064
2237
2453
2697
2973
3271
3568
3854
3876
3875
3875
3876
3876
3876
3876
3874
3876
3876
3874
3876
3875
3876
3877
3876
3875
3677
3431
3179
2939
2710
2494
2290
2104
1937
1789
1661
1553
1455
1371
1305
1249
1204
1173
1156
1141
1142
1152
1168
1192
1227
1272
1317
1372
1429
1483
1539
1595
1646
1694
1737
1781
1815
1842
1869
1892
1901
1912
1912
1908
1901
1885
1870
1850
1830
1807
1781
1756
1731
1706
1685
1665
1647
1626
1609
1596
1579
1569
1559
1551
1541
1533
1527
1519
1514
1518
1519
1524
1530
1536
1537
1548
1552
1560
1572
1584
1592
1602
1612
1622
1632
1645
1656
1664
1674
1684
1693
1700
1704
1713
1719
1724
1732
1735
1734
1734
1731
1729
1729
1724
1725
1719
1714
1711
1705
1700
1698
1692
1696
1707
1731
1780
1857
1971
2119
2308
2537
2793
3070
3364
3657
3875
3876
3876
3874
3876
3876
3874
3875
3874
3876
3876
3876
3875
3876
3876
3874
3877
3771
3520
3272
3019
2776
2549
2332
2132
1954
1797
1652
1534
1431
1343
1269
1209
1165
1132
1114
1105
1111
1122
1146
1185
1227
1279
1339
1396
1457
1522
1585
1648
1708
1763
1815
1862
1906
1942
1969
1988
2003
2007
2009
2003
1990
1973
1951
1923
1887
1852
1817
1777
1744
1711
1682
1648
1619
1589
1564
1541
1523
1506
1491
1480
1470
1469
1470
1474
1480
1491
1502
1514
1525
1542
1558
1572
1586
1598
1612
1619
1632
1642
1653
1662
1673
1680
1690
1697
1699
1703
1705
1706
1707
1708
1714
1715
1712
1713
1716
1715
1716
1717
1712
1712
1710
1710
1704
1701
1701
1698
1708
1728
1766
1830
1923
2053
2214
2416
2649
2906
3180
3459
3733
3875
3874
3876
3875
3876
3876
3875
3875
3877
3876
3875
3875
3876
3875
3875
3868
3585
3334
3083
2840
2602
2380
2180
1993
1823
1675
1544
1428
1327
1244
1177
1120
1083
1058
1041
1044
1057
1079
1118
1167
1223
1283
1349
1424
1497
1576
1650
1722
1786
1851
1911
1964
2005
2045
2071
2089
2096
2093
2081
2065
2040
2011
1984
1949
1917
1879
1837
1800
1760
1725
1695
1660
1630
1601
1580
1559
1545
1535
1522
1518
1519
1519
1520
1526
1532
1537
1545
1556
1570
1580
1594
1614
1626
1642
1655
1667
1676
1691
1701
1712
1723
1735
1742
1753
1762
1772
1776
1778
1781
1782
1782
1786
1796
1815
1849
1909
1991
2110
2262
2446
2661
2901
3160
3417
3669
3874
3874
3876
3875
3876
3874
3876
3876
3874
3876
3874
3875
3876
3876
3875
3734
3506
3268
3032
2799
2578
2368
2169
1988
1827
1679
1551
1438
1339
1257
1194
1141
1102
1075
1062
1057
1065
1086
1118
1156
1208
1266
1330
1401
1476
1557
1633
1707
1782
1850
1909
1967
2012
2050
2083
2103
2112
2116
2111
2099
2082
2060
2030
1996
1959
1920
1881
1838
1795
1751
1713
1678
1643
1611
1584
1558
1534
1520
1506
1496
1485
1482
1484
1486
1491
1499
1505
1518
1531
1545
1562
1576
1594
1608
1623
1643
1661
1672
1688
1705
1716
1732
1747
1759
1762
1766
1772
1772
1776
1778
1777
1775
1777
1780
1785
1804
1844
1906
1995
2124
2290
2485
2719
2980
3250
3534
3815
3874
3875
3876
3874
3877
3876
3876
3875
3876
3876
3875
3876
3875
3874
3875
3874
3875
3796
3549
3302
3060
2822
2598
2386
2193
2022
1872
1737
1619
1516
1430
1351
1291
1244
1209
1185
1175
1172
1180
1205
1241
1280
1324
1375
1430
1483
1545
1602
1659
1716
1771
1818
1861
1902
1932
1955
1981
1992
1995
1993
1985
1973
1954
1929
1899
1867
1836
1802
1769
1736
1704
1673
1642
1617
1595
1580
1560
1548
1536
1525
1520
1513
1512
1516
1518
1522
1529
1531
1540
1548
1556
1570
1579
1589
1604
1620
1631
1646
1661
1672
1685
1699
1708
1716
1726
1734
1743
1750
1754
1758
1761
1764
1767
1764
1759
1761
1758
1761
1766
1778
1799
1841
1914
2012
2149
2327
2539
2782
3055
3340
3629
3873
3876
3875
3875
3874
3877
3876
3876
3875
3876
3877
3874
3876
3876
3875
3876
3873
3875
3799
3552
3309
3075
2845
2624
2422
2237
2065
1914
1782
1663
1556
1465
1388
1319
1266
1225
1193
1171
1159
1163
1172
1192
1222
1255
1300
1353
1406
1460
1516
1574
1629
1683
1735
1782
1822
1859
1891
1911
1928
1937
1940
1936
1929
1917
1900
1884
1864
1832
1806
1774
1744
1707
1673
1644
1613
1588
1571
1549
1532
1520
1507
1495
1484
1474
1469
1467
1468
1475
1478
1488
1504
1516
1534
1551
1564
1579
1592
1604
1619
1630
1641
1645
1654
1661
1666
1669
1674
1678
1678
1677
1678
1678
1673
1674
1676
1677
1693
1718
1757
1819
1913
2042
2201
2404
2636
2892
3171
3456
3739
3877
3876
3875
3876
3876
3875
3875
3876
3875
3875
3876
3875
3876
3876
3875
3876
3869
3582
3335
3084
2837
2606
2384
2182
1999
1832
1685
1551
1437
1343
1259
1192
1142
1106
1075
1059
1057
1060
1078
1104
1141
1182
1234
1294
1354
1420
1488
1552
1621
1685
1746
1802
1848
1894
1929
1954
1978
1996
2003
2004
1998
1984
1966
1942
1914
1882
1852
1818
1778
1742
1704
1667
1635
1603
1574
1544
1517
1499
1483
1468
1458
1450
1448
1447
1448
1448
1458
1470
1474
1485
1497
1510
1520
1532
1546
1555
1569
1581
1594
1606
1615
1623
1629
1638
1649
1654
1661
1671
1677
1688
1703
1731
1771
1839
1934
2062
2218
2412
2633
2878
3139
3402
3655
3872
3876
3875
3876
3876
3875
3876
3876
3874
3876
3875
3875
3876
3876
3750
3525
3288
3054
2826
2604
2393
2196
2016
1853
1710
1583
1472
1372
1290
1223
1166
1122
1088
1068
1060
1065
1082
1110
1151
1203
1258
1328
1400
1477
1553
1632
1706
1777
1843
1906
1957
1998
2033
2059
2074
2083
2082
2073
2056
2036
2011
1976
1941
1900
1860
1821
1781
1740
1696
1661
1625
1592
1564
1542
1522
1512
1503
1499
1495
1495
1497
1502
1509
1515
1521
1523
1531
1546
1555
1569
1585
1597
1610
1625
1636
1642
1655
1666
1677
1686
1697
1711
1726
1753
1796
1861
1962
2093
2258
2457
2690
2948
3214
3486
3752
3876
3875
3876
3876
3874
3876
3875
3875
3877
3876
3875
3875
3876
3875
3876
3869
3608
3379
3149
2923
2707
2498
2309
2136
1977
1835
1711
1599
1499
1413
1339
1275
1226
1187
1158
1147
1144
1154
1173
1204
1245
1293
1349
1414
1484
1550
1620
1687
1748
1808
1860
1909
1943
1972
1996
2005
2014
2013
2004
1989
1972
1950
1922
1891
1858
1822
1788
1756
1725
1691
1665
1639
1611
1592
1572
1553
1539
1527
1517
1508
1504
1502
1499
1502
1507
1514
1523
1534
1547
1557
1572
1587
1605
1619
1633
1648
1660
1672
1686
1692
1698
1706
1711
1711
1714
1720
1726
1747
1780
1829
1909
2021
2173
2360
2585
2839
3110
3401
3693
3876
3875
3875
3877
3876
3876
3876
3876
3877
3876
3876
3875
3876
3875
3875
3877
3876
3874
3764
3533
3305
3082
2868
2673
2486
2313
2157
2019
1889
1772
1669
1572
1484
1406
1344
1288
1249
1220
1203
1201
1206
1221
1244
1276
1314
1354
1399
1449
1500
1546
1594
1643
1689
1731
1771
1803
1827
1849
1865
1869
1872
1869
1862
1856
1844
1824
1798
1771
1748
1722
1699
1672
1645
1619
1596
1578
1557
1539
1526
1508
1502
1492
1487
1477
1474
1471
1468
1470
1476
1480
1485
1493
1505
1516
1527
1543
1556
1568
1586
1603
1616
1629
1639
1652
1665
1678
1685
1688
1693
1695
1694
1692
1691
1682
1679
1673
1671
1666
1668
1676
1688
1724
1776
1860
1975
2132
2332
2561
2831
3121
3425
3727
3876
3876
3875
3877
3876
3876
3877
3876
3876
3875
3876
3875
3876
3876
3875
3876
3876
3874
3703
3464
3227
2999
2779
2575
2388
2212
2047
1904
1774
1655
1551
1460
1378
1306
1242
1193
1150
1124
1108
1100
1101
1115
1140
1169
1206
1250
1296
1347
1404
1458
1508
1561
1609
1650
1692
1729
1758
1783
1801
1815
1818
1822
1817
1806
1793
1773
1753
1726
1704
1680
1646
1620
1594
1570
1544
1523
1501
1481
1470
1460
1447
1436
1429
1423
1420
1418
1417
1421
1428
1435
1441
1445
1450
1461
1467
1478
1491
1503
1521
1537
1548
1558
1572
1585
1592
1605
1613
1624
1626
1634
1641
1640
1645
1647
1652
1651
1651
1652
1642
1633
1622
1611
1603
1600
1595
1598
1616
1654
1714
1809
1940
2111
2321
2568
2843
3132
3428
3715
3876
3875
3875
3876
3876
3876
3875
3876
3875
3876
3876
3874
3876
3875
3875
3875
3642
3402
3157
2920
2693
2479
2284
2102
1941
1795
1665
1549
1445
1353
1276
1207
1150
1105
1068
1043
1034
1038
1048
1075
1114
1158
1216
1278
1343
1412
1483
1551
1615
1677
1737
1788
1826
1861
1887
1902
1911
1916
1909
1898
1883
1864
1837
1807
1777
1741
1709
1676
1641
1605
1574
1545
1518
1494
1480
1470
1458
1452
1450
1445
1447
1451
1455
1463
1475
1487
1497
1512
1530
1543
1561
1580
1598
1611
1629
1645
1656
1671
1680
1688
1693
1702
1708
1712
1715
1715
1715
1716
1722
1722
1723
1737
1767
1817
1896
2006
2153
2336
2553
2798
3062
3336
3609
3860
3876
3875
3876
3876
3875
3876
3876
3875
3876
3874
3875
3876
3876
3875
3798
3579
3352
3131
2911
2703
2504
2318
2145
1989
1853
1729
1621
1521
1438
1361
1296
1237
1192
1156
1127
1116
1114
1122
1140
1172
1208
1256
1313
1374
1438
1503
1568
1631
1692
1748
1798
1841
1877
1907
1925
1938
1944
1942
1935
1925
1905
1880
1854
1823
1790
1763
1733
1703
1671
1645
1619
1591
1569
1548
1530
1512
1498
1488
1479
1472
1471
1469
1469
1478
1484
1489
1496
1504
1515
1530
1547
1562
1573
1589
1606
1621
1636
1648
1659
1673
1687
1703
1715
1726
1735
1741
1746
1749
1749
1744
1738
1734
1727
1722
1719
1722
1729
1755
1805
1884
2002
2161
2359
2593
2861
3153
3454
3759
3876
3876
3875
3876
3876
3875
3876
3876
3877
3876
3877
3875
3876
3876
3874
3876
3876
3876
3872
3605
3371
3147
2926
2721
2526
2347
2185
2040
1905
1783
1673
1573
1483
1403
1335
1275
1227
1195
1171
1159
1157
1163
1179
1209
1248
1295
1342
1395
1453
1508
1561
1616
1663
1707
1748
1783
1810
1834
1852
1859
1864
1868
1860
1850
1838
1824
1804
1780
1757
1730
1707
1684
1656
1628
1600
1576
1550
1527
1511
1496
1477
1470
1462
1453
1450
1450
1451
1452
1455
1462
1469
1478
1490
1502
1512
1529
1548
1563
1583
1603
1615
1631
1647
1661
1669
1676
1683
1688
1695
1702
1705
1711
1715
1718
1719
1716
1716
1711
1709
1704
1699
1692
1688
1682
1676
1669
1663
1658
1647
1642
1634
1625
1617
1613
1611
1615
1629
1663
1723
1814
1947
2122
2344
2609
2907
3225
3554
3866
3876
3875
3876
3876
3874
3877
3875
3875
3876
3875
3876
3876
3876
3875
3875
3876
3875
3876
3876
3870
3585
3340
3104
2879
2660
2462
2278
2106
1949
1812
1684
1565
1462
1372
1290
1225
1168
1125
1092
1071
1065
1066
1084
1113
1149
1196
1247
1304
1360
1417
1476
1528
1582
1635
1683
1721
1758
1788
1810
1831
1840
1844
1843
1838
1830
1813
1797
1772
1742
1719
1691
1664
1632
1602
1578
1548
1525
1504
1482
1460
1449
1436
1426
1419
1414
1412
1413
1416
1420
1424
1435
1444
1454
1467
1479
1497
1508
1523
1541
1554
1573
1590
1605
1620
1634
1646
1655
1665
1673
1681
1689
1699
1706
1710
1714
1712
1709
1705
1701
1694
1689
1685
1680
1670
1661
1654
1641
1632
1625
1621
1620
1630
1654
1700
1775
1890
2040
2227
2455
2710
2993
3290
3585
3862
3875
3875
3876
3874
3876
3876
3876
3876
3875
3876
3875
3876
3876
3875
3876
3875
3648
3398
3146
2898
2663
2440
2233
2044
1875
1724
1594
1473
1373
1287
1209
1150
1104
1071
1050
1043
1048
1067
1099
1141
1186
1243
1306
1375
1445
1517
1588
1660
1727
1793
1850
1895
1936
1969
1991
2007
2020
2020
2012
2000
1983
1958
1931
1901
1864
1830
1797
1760
1725
1691
1660
1633
1609
1589
1568
1549
1537
1522
1509
1500
1494
1493
1489
1494
1499
1502
1512
1525
1534
1551
1568
1585
1602
1613
1629
1643
1653
1666
1676
1687
1701
1712
1721
1730
1734
1735
1737
1738
1739
1734
1737
1736
1734
1745
1768
1811
1887
1996
2142
2322
2536
2783
3049
3332
3616
3869
3876
3874
3876
3874
3875
3876
3876
3875
3876
3876
3875
3877
3876
3875
3875
3876
3665
3424
3188
2955
2728
2519
2323
2142
1980
1833
1699
1582
1481
1395
1317
1253
1204
1162
1130
1115
1109
1118
1137
1168
1208
1258
1318
1382
1446
1516
1588
1656
1722
1784
1839
1886
1929
1965
1988
2008
2022
2029
2025
2015
1996
1974
1948
1919
1889
1851
1817
1780
1743
1708
1671
1639
1612
1585
1563
1537
1516
1503
1487
1476
1471
1461
1456
1459
1460
1463
1470
1479
1490
1502
1515
1533
1549
1570
1589
1606
1626
1643
1660
1675
1687
1700
1712
1725
1734
1743
1747
1753
1756
1756
1757
1755
1756
1756
1756
1752
1749
1748
1745
1751
1764
1797
1853
1938
2062
2226
2430
2673
2953
3249
3565
3864
3876
3874
3877
3876
3875
3876
3876
3875
3876
3875
3875
3876
3876
3875
3876
3876
3875
3876
3876
3875
3649
3403
3169
2942
2727
2524
2339
2169
2011
1871
1746
1634
1535
1449
1376
1314
1263
1229
1206
1195
1195
1208
1224
1252
1289
1329
1379
1432
1489
1540
1596
1654
1703
1752
1798
1837
1868
1892
1907
1918
1925
1925
1924
1915
1904
1886
1859
1833
1804
1771
1744
1716
1687
1654
1628
1605
1584
1565
1547
1527
1513
1501
1492
1486
1480
1482
1486
1488
1496
1505
1509
1519
1530
1538
1551
1561
1573
1584
1596
1611
1619
1627
1638
1646
1661
1675
1685
1698
1708
1720
1724
1729
1733
1737
1734
1733
1732
1727
1725
1721
1718
1712
1707
1700
1690
1686
1685
1688
1707
1743
1809
1912
2053
2243
2469
2735
3031
3341
3661
3875
3876
3875
3875
3877
3876
3877
3876
3877
3875
3876
3876
3875
3877
3876
3875
3876
3876
3875
3876
3743
3497
3258
3028
2809
2604
2413
2239
2083
1937
1809
1694
1590
1501
1425
1360
1299
1257
1222
1202
1192
1192
1203
1221
1251
1291
1328
1378
1430
1479
1531
1579
1629
1673
1716
1758
1789
1811
1834
1849
1856
1857
1849
1841
1829
1815
1796
1771
1745
1720
1691
1667
1644
1613
1590
1568
1546
1524
1505
1492
1478
1467
1461
1455
1450
1444
1442
1443
1446
1450
1458
1460
1470
1481
1489
1501
1513
1524
1538
1548
1562
1569
1579
1591
1601
1607
1621
1629
1641
1647
1654
1656
1659
1662
1661
1663
1666
1663
1662
1663
1664
1666
1668
1670
1673
1669
1665
1666
1660
1656
1652
1642
1638
1639
1647
1667
1706
1769
1865
2004
2184
2403
2662
2950
3256
3567
3861
3876
3876
3876
3876
3876
3876
3875
3876
3877
3875
3876
3876
3875
3876
3876
3874
3876
3800
3544
3286
3036
2789
2559
2342
2147
1969
1811
1670
1550
1440
1345
1266
1194
1140
1096
1064
1045
1036
1045
1062
1095
1135
1183
1240
1301
1363
1432
1497
1567
1634
1697
1760
1816
1857
1895
1923
1941
1955
1959
1955
1943
1926
1908
1879
1851
1820
1783
1755
1724
1692
1659
1628
1601
1577
1553
1535
1514
1499
1490
1482
1475
1472
1471
1471
1474
1479
1486
1493
1503
1515
1523
1537
1550
1563
1579
1592
1609
1624
1634
1651
1662
1672
1687
1698
1705
1712
1716
1717
1721
1726
1731
1730
1731
1735
1747
1772
1816
1887
1997
2140
2324
2538
2781
3049
3324
3601
3857
3876
3876
3874
3877
3876
3875
3876
3876
3876
3876
3876
3877
3876
3876
3875
3710
3475
3239
3001
2773
2558
2352
2165
1996
1840
1708
1588
1486
1392
1310
1247
1187
1142
1112
1088
1076
1081
1096
1121
1156
1202
1258
1323
1396
1472
1544
1620
1694
1761
1825
1879
1926
1965
1993
2018
2027
2029
2027
2013
1997
1976
1953
1923
1890
1855
1819
1780
1745
1707
1672
1640
1611
1583
1562
1543
1523
1509
1499
1492
1479
1474
1474
1470
1475
1483
1492
1500
1510
1522
1535
1547
1566
1581
1594
1611
1626
1641
1656
1670
1685
1697
1710
1724
1730
1736
1745
1750
1758
1769
1780
1798
1833
1890
1971
2088
2242
2434
2664
2924
3204
3493
3781
3875
3877
3875
3876
3877
3876
3876
3877
3876
3876
3876
3876
3876
3876
3876
3875
3876
3876
3784
3548
3317
3090
2876
2672
2480
2306
2145
2003
1872
1754
1652
1565
1483
1418
1360
1310
1274
1245
1234
1226
1234
1257
1282
1318
1359
1405
1458
1511
1564
1619
1671
1723
1768
1808
1845
1871
1893
1914
1925
1930
1929
1922
1912
1890
1867
1845
1816
1788
1761
1729
1703
1678
1653
1631
1612
1597
1580
1565
1556
1544
1529
1519
1511
1508
1502
1500
1497
1497
1504
1509
1513
1523
1533
1544
1559
1571
1587
1603
1617
1634
1648
1663
1680
1692
1700
1711
1719
1726
1731
1737
1743
1742
1746
1747
1744
1744
1745
1743
1750
1764
1798
1848
1933
2053
2208
2407
2643
2908
3195
3491
3782
3876
3875
3876
3875
3875
3877
3876
3876
3875
3876
3877
3876
3877
3875
3876
3876
3875
3876
3810
3581
3354
3134
2922
2725
2538
2366
2212
2069
1939
1824
1720
1629
1553
1480
1416
1365
1323
1293
1269
1259
1259
1267
1289
1317
1348
1392
1436
1483
1532
1582
1635
1684
1727
1771
1804
1836
1862
1879
1889
1894
1893
1887
1879
1866
1851
1829
1810
1783
1757
1732
1707
1677
1652
1628
1612
1591
1573
1557
1541
1528
1520
1509
1504
1496
1490
1489
1489
1496
1500
1508
1522
1531
1539
1548
1555
1564
1574
1583
1596
1602
1610
1622
1625
1634
1639
1641
1645
1645
1642
1640
1637
1641
1640
1641
1645
1645
1653
1675
1707
1765
1849
1967
2128
2318
2548
2804
3079
3366
3646
3875
3875
3876
3876
3875
3877
3875
3875
3877
3876
3876
3877
3876
3875
3877
3876
3714
3488
3258
3041
2829
2625
2442
2272
2117
1982
1855
1745
1645
1557
1482
1411
1354
1307
1263
1232
1209
1195
1193
1200
1215
1239
1268
1309
1353
1395
1447
1496
1545
1595
1644
1693
1737
1777
1815
1837
1856
1873
1876
1879
1873
1863
1849
1826
1803
1776
1744
1717
1687
1656
1628
1598
1573
1555
1537
1520
1503
1489
1482
1470
1468
1465
1458
1462
1465
1469
1474
1477
1488
1497
1507
1524
1532
1547
1564
1577
1590
1603
1616
1628
1642
1657
1666
1670
1679
1679
1682
1692
1701
1721
1755
1805
1883
1985
2124
2302
2507
2743
3003
3268
3537
3788
3876
3876
3875
3877
3876
3876
3876
3876
3875
3876
3876
3875
3876
3876
3689
3467
3241
3022
2804
2601
2410
2234
2075
1933
1811
1697
1598
1515
1435
1367
1310
1257
1211
1181
1160
1149
1150
1163
1194
1227
1275
1333
1393
1460
1529
1596
1659
1718
1774
1818
1860
1899
1924
1947
1962
1965
1958
1952
1940
1923
1896
1869
1837
1804
1772
1741
1708
1678
1648
1622
1595
1567
1545
1517
1498
1484
1465
1457
1452
1450
1448
1452
1458
1462
1471
1484
1497
1506
1524
1541
1556
1573
1583
1600
1617
1631
1646
1654
1662
1674
1676
1682
1690
1692
1696
1697
1700
1701
1712
1738
1780
1850
1956
2094
2268
2477
2712
2975
3253
3531
3806
3876
3876
3876
3877
3875
3876
3876
3875
3877
3876
3875
3876
3876
3877
3876
3876
3648
3430
3215
3001
2803
2614
2442
2282
2145
2020
1909
1806
1720
1637
1556
1493
1434
1388
1345
1308
1284
1265
1259
1266
1280
1304
1335
1369
1412
1456
1501
1549
1594
1640
1683
1720
1755
1786
1811
1833
1847
1861
1862
1860
1853
1839
1824
1805
1779
1758
1733
1703
1676
1650
1628
1603
1581
1566
1548
1530
1516
1502
1487
1479
1471
1466
1458
1459
1463
1459
1466
1472
1474
1484
1490
1497
1505
1514
1526
1540
1553
1569
1584
1594
1610
1620
1629
1640
1646
1652
1657
1662
1668
1673
1677
1680
1680
1682
1680
1678
1673
1665
1663
1656
1650
1647
1642
1633
1628
1622
1616
1613
1608
1608
1613
1632
1669
1726
1819
1946
2112
2327
2581
2870
3181
3501
3820
3877
3876
3876
3876
3876
3876
3876
3877
3875
3876
3876
3875
3876
3876
3875
3876
3875
3875
3876
3876
3697
3472
3250
3040
2834
2647
2477
2315
2173
2040
1916
1800
1693
1601
1513
1433
1367
1309
1263
1234
1214
1207
1214
1228
1252
1287
1326
1375
1420
1470
1523
1571
1623
1667
1710
1745
1776
1807
1823
1834
1840
1838
1833
1831
1814
1796
1776
1754
1728
1702
1677
1656
1630
1609
1584
1559
1540
1520
1505
1486
1470
1461
1448
1441
1438
1430
1431
1433
1433
1435
1440
1445
1450
1458
1472
1484
1495
1510
1522
1529
1543
1555
1568
1579
1591
1604
1609
1614
1622
1622
1625
1625
1624
1620
1616
1613
1610
1608
1607
1604
1604
1610
1611
1610
1607
1601
1597
1593
1586
1584
1577
1572
1570
1564
1561
1559
1554
1547
1543
1541
1541
1539
1542
1540
1543
1553
1568
1601
1653
1733
1850
2008
2207
2448
2716
3017
3333
3645
3876
3876
3876
3875
3876
3876
3875
3877
3876
3875
3876
3876
3875
3877
3875
3875
3876
3876
3756
3504
3250
3009
2774
2552
2349
2158
1990
1842
1709
1596
1495
1410
1335
1268
1221
1181
1150
1134
1129
1133
1150
1173
1211
1256
1310
1371
1435
1495
1558
1619
1680
1732
1783
1829
1861
1894
1919
1930
1942
1947
1941
1937
1922
1902
1877
1846
1814
1779
1747
1717
1684
1652
1623
1596
1575
1554
1538
1525
1507
1497
1489
1479
1476
1479
1481
1488
1495
1502
1512
1522
1534
1541
1552
1570
1586
1598
1614
1623
1635
1643
1652
1661
1670
1680
1688
1691
1700
1704
1706
1712
1713
1715
1715
1713
1712
1707
1704
1699
1693
1688
1683
1683
1688
1701
1734
1786
1869
1991
2142
2329
2553
2802
3073
3354
3632
3871
3875
3876
3875
3876
3876
3875
3876
3876
3875
3876
3876
3876
3876
3876
3875
3740
3511
3277
3055
2841
2634
2445
2272
2112
1974
1849
1739
1638
1554
1478
1409
1356
1308
1274
1246
1227
1219
1215
1225
1246
1271
1309
1357
1406
1459
1519
1581
1641
1699
1756
1809
1849
1889
1917
1937
1952
1956
1958
1949
1938
1927
1898
1871
1842
1807
1776
1746
1716
1687
1661
1634
1611
1589
1569
1553
1536
1524
1510
1500
1494
1490
1490
1488
1487
1493
1494
1501
1510
1516
1525
1539
1550
1560
1571
1585
1600
1614
1631
1643
1654
1665
1671
1678
1688
1694
1700
1706
1707
1709
1705
1704
1706
1701
1700
1695
1689
1681
1675
1670
1668
1671
1690
1717
1769
1853
1970
2127
2324
2559
2828
3119
3426
3734
3875
3876
3877
3876
3876
3876
3876
3875
3876
3876
3875
3877
3875
3876
3877
3876
3875
3875
3876
3707
3470
3236
3014
2805
2607
2426
2264
2112
1980
1861
1753
