1792
1810
1792
1780
1773
1756
1750
1746
1732
1725
1725
1715
1719
1716
1709
1715
1718
1713
1725
1730
1730
1744
1753
1755
1768
1777
1781
1794
1803
1809
1822
1830
1833
1845
1846
1848
1861
1863
1867
1874
1873
1873
1874
1872
1867
1865
1861
1865
1866
1857
1863
1864
1852
1855
1855
1849
1857
1864
1865
1880
1897
1924
1965
2012
2069
2142
2222
2313
2419
2517
2621
2724
2823
2914
2997
3059
3114
3150
3165
3174
3163
3133
3102
3049
2981
2911
2835
2743
2663
2573
2477
2390
2303
2217
2143
2065
1990
1936
1874
1817
1780
1737
1696
1672
1645
1623
1609
1593
1583
1582
1582
1589
1598
1604
1621
1642
1655
1683
1711
1725
1757
1788
1804
1833
1862
1880
1908
1929
1943
1965
1978
1981
1996
1999
1992
1994
1989
1981
1977
1967
1952
1939
1926
1912
1901
1881
1866
1855
1836
1826
1818
1804
1798
1795
1784
1780
1779
1766
1769
1769
1764
1768
1767
1764
1772
1776
1776
1785
1786
1788
1798
1802
1807
1814
1816
1821
1830
1829
1834
1842
1839
1844
1853
1848
1854
1859
1856
1858
1870
1869
1888
1908
1925
1968
2008
2054
2124
2197
2268
2359
2449
2536
2629
2712
2784
2858
2912
2953
2995
3007
3009
3003
2976
2939
2901
2838
2773
2705
2626
2549
2470
2383
2299
2222
2138
2072
2004
1933
1882
1834
1780
1746
1710
1671
1650
1624
1601
1594
1580
1572
1573
1574
1578
1592
1601
1613
1640
1660
1682
1710
1733
1762
1794
1820
1848
1873
1894
1919
1941
1953
1972
1984
1981
1991
1999
1988
1987
1982
1972
1968
1954
1939
1932
1914
1897
1890
1872
1857
1848
1831
1821
1814
1805
1794
1790
1785
1780
1781
1771
1773
1773
1766
1777
1776
1774
1782
1786
1784
1792
1801
1798
1808
1814
1814
1826
1826
1828
1841
1843
1847
1859
1862
1863
1876
1876
1881
1888
1888
1894
1900
1899
1905
1910
1906
1912
1918
1915
1929
1944
1959
1989
2025
2062
2117
2186
2249
2330
2415
2495
2588
2674
2745
2826
2884
2926
2969
2992
3000
3002
2979
2954
2919
2867
2810
2751
2675
2604
2534
2456
2383
2311
2238
2174
2116
2052
2004
1960
1907
1872
1840
1798
1777
1752
1724
1710
1696
1681
1681
1675
1673
1683
1684
1694
1710
1723
1740
1760
1774
1790
1818
1833
1857
1880
1893
1914
1934
1945
1965
1979
1981
1988
1991
1985
1993
1990
1978
1974
1964
1949
1941
1926
1912
1905
1888
1880
1871
1857
1847
1844
1829
1825
1825
1816
1813
1818
1810
1814
1817
1816
1821
1824
1823
1825
1830
1825
1834
1835
1829
1839
1842
1839
1848
1847
1843
1849
1851
1853
1862
1863
1862
1870
1871
1870
1880
1879
1879
1884
1882
1885
1892
1891
1893
1897
1896
1898
1901
1900
1905
1912
1909
1916
1926
1929
1947
1968
1987
2025
2066
2114
2178
2243
2312
2392
2468
2548
2631
2700
2766
2825
2865
2903
2927
2934
2933
2922
2897
2865
2827
2771
2720
2657
2589
2527
2459
2375
2322
2257
2184
2126
2072
2014
1976
1928
1885
1852
1816
1783
1762
1728
1710
1701
1684
1674
1672
1664
1662
1670
1677
1690
1706
1715
1733
1757
1772
1796
1824
1839
1866
1892
1905
1932
1950
1955
1973
1983
1987
1996
2001
1995
2003
2001
1992
1992
1979
1968
1967
1951
1940
1936
1918
1910
1904
1890
1884
1878
1869
1866
1864
1854
1854
1854
1848
1844
1845
1836
1841
1842
1838
1842
1843
1838
1847
1852
1852
1861
1864
1865
1871
1876
1879
1886
1888
1891
1902
1900
1910
1911
1912
1917
1923
1918
1924
1927
1927
1932
1935
1933
1939
1941
1933
1940
1941
1935
1944
1950
1948
1966
1976
1993
2026
2057
2096
2150
2203
2265
2339
2404
2478
2555
2618
2680
2745
2790
2835
2872
2886
2896
2892
2877
2856
2826
2774
2731
2677
2611
2552
2489
2410
2351
2282
2208
2151
2086
2022
1973
1922
1874
1838
1803
1770
1749
1724
1703
1695
1682
1676
1678
1672
1678
1688
1698
1709
1727
1744
1768
1791
1812
1843
1868
1883
1914
1934
1952
1977
1993
2002
2021
2032
2037
2047
2045
2044
2049
2044
2037
2037
2024
2017
2013
1996
1984
1975
1962
1951
1947
1928
1921
1911
1902
1901
1895
1884
1886
1882
1869
1873
1871
1861
1866
1865
1863
1869
1870
1870
1878
1878
1880
1891
1890
1893
1904
1902
1904
1910
1910
1916
1918
1918
1925
1932
1918
1934
1936
1936
1940
1944
1937
1944
1948
1945
1951
1956
1956
1975
1988
2006
2039
2076
2116
2173
2231
2290
2366
2433
2497
2575
2638
2697
2753
2796
2834
2862
2872
2876
2871
2851
2824
2789
2744
2693
2636
2566
2500
2429
2349
2283
2209
2137
2075
2012
1946
1899
1850
1800
1769
1732
1697
1680
1660
1646
1640
1629
1632
1641
1643
1658
1679
1693
1720
1750
1772
1805
1835
1857
1892
1922
1943
1971
1995
2010
2035
2049
2054
2073
2078
2079
2087
2082
2074
2072
2064
2048
2042
2026
2014
2006
1987
1974
1959
1941
1930
1923
1904
1897
1892
1876
1871
1868
1858
1857
1854
1845
1851
1853
1845
1856
1857
1857
1866
1868
1869
1879
1882
1885
1896
1898
1898
1907
1908
1910
1921
1918
1920
1925
1925
1929
1935
1932
1935
1939
1939
1940
1941
1942
1947
1949
1947
1960
1973
1985
2012
2046
2083
2129
2188
2242
2317
2386
2461
2543
2620
2694
2769
2833
2888
2941
2972
3002
3021
3018
3007
2985
2941
2892
2834
2757
2679
2596
2503
2422
2335
2241
2164
2090
2012
1953
1894
1834
1793
1751
1713
1689
1659
1638
1626
1614
1606
1613
1611
1616
1632
1642
1661
1684
1704
1729
1759
1778
1812
1844
1862
1896
1924
1943
1976
2001
2012
2033
2049
2049
2060
2067
2065
2071
2065
2053
2051
2042
2025
2021
2006
1986
1980
1964
1951
1941
1926
1910
1905
1894
1885
1881
1867
1861
1862
1852
1850
1850
1839
1841
1844
1838
1842
1847
1841
1847
1850
1848
1857
1858
1858
1868
1873
1878
1886
1891
1893
1907
1909
1915
1925
1921
1931
1941
1938
1945
1946
1943
1946
1951
1945
1948
1951
1946
1953
1950
1945
1951
1953
1945
1950
1953
1951
1970
1985
2004
2040
2074
2118
2179
2240
2309
2393
2467
2551
2642
2719
2801
2878
2936
2994
3044
3067
3081
3082
3053
3024
2976
2909
2841
2765
2673
2586
2496
2395
2315
2232
2141
2077
2006
1936
1884
1834
1787
1753
1717
1690
1677
1656
1643
1641
1635
1634
1645
1649
1659
1678
1687
1709
1734
1755
1782
1809
1832
1862
1887
1906
1936
1958
1975
2000
2018
2027
2045
2057
2063
2072
2073
2070
2070
2061
2055
2047
2030
2018
2010
1992
1978
1969
1949
1933
1921
1903
1892
1879
1865
1860
1851
1837
1837
1830
1820
1823
1822
1817
1824
1826
1822
1830
1831
1831
1845
1843
1844
1858
1855
1857
1871
1866
1873
1881
1884
1889
1899
1901
1908
1915
1917
1925
1930
1929
1936
1941
1938
1945
1947
1943
1951
1951
1942
1949
1946
1944
1950
1945
1943
1946
1940
1938
1944
1940
1934
1940
1939
1942
1952
1963
1982
2009
2036
2082
2136
2187
2259
2332
2404
2492
2579
2652
2743
2820
2885
2953
3006
3041
3067
3073
3053
3029
2984
2923
2860
2782
2692
2610
2520
2428
2341
2249
2165
2090
2012
1949
1893
1834
1790
1753
1713
1691
1670
1648
1644
1635
1629
1635
1639
1641
1657
1672
1686
1715
1736
1756
1787
1814
1839
1872
1899
1922
1953
1974
1995
2020
2034
2050
2065
2070
2074
2087
2083
2085
2088
2069
2065
2059
2045
2036
2025
2005
1998
1979
1965
1955
1946
1924
1919
1911
1893
1888
1881
1869
1869
1861
1854
1855
1846
1847
1852
1848
1847
1856
1857
1862
1870
1867
1875
1881
1883
1888
1894
1895
1904
1911
1909
1921
1927
1922
1931
1940
1937
1949
1955
1954
1964
1965
1964
1974
1972
1974
1978
1971
1972
1975
1969
1970
1973
1966
1965
1962
1956
1955
1955
1950
1953
1949
1947
1958
1970
1979
2010
2039
2070
2124
2179
2232
2302
2374
2447
2530
2605
2680
2756
2818
2874
2932
2960
2981
2996
2977
2949
2915
2858
2796
2725
2641
2561
2477
2379
2296
2215
2127
2056
1986
1916
1861
1810
1758
1725
1691
1656
1641
1625
1608
1607
1603
1602
1615
1624
1639
1669
1684
1707
1743
1770
1799
1836
1868
1901
1934
1960
1990
2020
2039
2065
2085
2093
2109
2120
2116
2122
2120
2110
2107
2097
2080
2071
2057
2037
2030
2008
1989
1978
1960
1940
1931
1913
1899
1888
1877
1870
1867
1855
1856
1857
1848
1852
1855
1851
1859
1862
1857
1864
1870
1866
1873
1876
1876
1888
1892
1892
1906
1910
1911
1922
1926
1925
1938
1937
1941
1948
1944
1949
1954
1950
1955
1959
1953
1957
1961
1955
1957
1963
1960
1967
1972
1977
1996
2015
2029
2072
2115
2158
2228
2289
2354
2437
2521
2596
2684
2764
2836
2912
2968
3016
3052
3058
3050
3026
2984
2928
2868
2788
2706
2621
2523
2433
2342
2250
2167
2089
2006
1941
1882
1822
1784
1744
1702
1680
1662
1640
1633
1627
1620
1626
1631
1638
1656
1666
1682
1707
1722
1748
1776
1801
1831
1863
1887
1915
1947
1972
1998
2022
2033
2057
2073
2076
2089
2095
2089
2094
2093
2082
2082
2073
2055
2045
2028
2012
2002
1982
1963
1954
1934
1916
1912
1893
1882
1878
1865
1860
1860
1850
1846
1850
1841
1844
1845
1841
1845
1850
1845
1852
1860
1856
1865
1872
1870
1880
1883
1887
1900
1903
1905
1916
1912
1922
1936
1935
1935
1946
1944
1945
1949
1950
1950
1955
1953
1953
1957
1953
1956
1959
1953
1958
1960
1954
1955
1958
1949
1956
1953
1951
1956
1962
1968
1988
2006
2034
2079
2119
2169
2239
2311
2389
2479
2567
2660
2758
2851
2946
3030
3098
3152
3185
3191
3186
3161
3108
3053
2983
2893
2804
2705
2602
2504
2404
2300
2216
2130
2046
1984
1917
1857
1813
1773
1733
1714
1688
1671
1662
1647
1644
1644
1642
1652
1664
1667
1681
1703
1714
1740
1764
1782
1812
1842
1865
1897
1925
1942
1975
1996
2013
2039
2048
2060
2078
2086
2082
2088
2084
2073
2072
2057
2047
2039
2021
2008
1996
1977
1960
1950
1931
1916
1908
1888
1877
1869
1853
1851
1847
1834
1836
1835
1826
1832
1832
1829
1838
1842
1837
1846
1851
1851
1862
1865
1868
1881
1880
1887
1896
1897
1902
1910
1911
1913
1920
1919
1923
1926
1924
1927
1932
1930
1939
1941
1935
1945
1946
1941
1949
1950
1945
1949
1953
1945
1951
1947
1948
1952
1946
1945
1950
1945
1942
1944
1937
1935
1936
1933
1937
1944
1948
1962
1984
2006
2047
2095
2145
2212
2288
2362
2450
2548
2635
2741
2844
2934
3028
3102
3149
3192
3205
3191
3168
3118
3053
2991
2900
2809
2713
2612
2512
2415
2311
2216
2130
2044
1968
1905
1840
1795
1752
1709
1683
1665
1641
1635
1631
1621
1629
1633
1635
1650
1664
1673
1697
1714
1733
1764
1785
1804
1840
1865
1893
1925
1946
1972
1995
2009
2028
2047
2053
2067
2075
2073
2079
2080
2073
2069
2064
2047
2043
2031
2015
2005
1993
1977
1970
1955
1936
1934
1917
1902
1897
1886
1876
1875
1862
1859
1860
1847
1847
1847
1839
1842
1849
1846
1847
1856
1855
1858
1863
1865
1874
1877
1878
1890
1897
1895
1910
1915
1915
1927
1933
1930
1939
1943
1943
1950
1954
1952
1960
1958
1960
1967
1961
1961
1967
1965
1963
1969
1963
1963
1964
1958
1956
1955
1951
1951
1951
1944
1951
1945
1947
1950
1951
1949
1958
1977
1993
2023
2058
2100
2157
2216
2287
2368
2445
2534
2628
2714
2799
2891
2969
3033
3088
3112
3122
3114
3079
3039
2980
2903
2828
2744
2640
2551
2454
2348
2260
2170
2079
2006
1938
1865
1812
1758
1712
1682
1648
1621
1606
1591
1581
1585
1579
1584
1600
1611
1631
1655
1675
1705
1737
1761
1797
1831
1857
1894
1928
1952
1989
2022
2038
2066
2078
2088
2104
2113
2110
2116
2112
2102
2102
2089
2073
2066
2045
2029
2015
1994
1976
1961
1942
1928
1917
1901
1890
1877
1870
1866
1858
1845
1842
1842
1836
1838
1841
1834
1840
1844
1839
1849
1849
1848
1860
1858
1863
1875
1879
1882
1891
1898
1903
1913
1914
1924
1930
1931
1938
1946
1943
1951
1955
1953
1960
1960
1957
1960
1963
1953
1956
1956
1949
1951
1952
1949
1959
1968
1979
2009
2041
2077
2134
2187
2253
2340
2418
2504
2602
2691
2790
2889
2969
3045
3106
3133
3148
3145
3113
3073
3017
2942
2860
2771
2667
2569
2469
2359
2265
2169
2071
1996
1919
1845
1789
1740
1689
1659
1631
1605
1594
1581
1573
1579
1577
1582
1595
1606
1621
1646
1664
1688
1718
1740
1774
1806
1833
1868
1896
1925
1961
1989
2007
2035
2056
2065
2085
2098
2098
2109
2105
2102
2101
2089
2076
2069
2049
2037
2023
2002
1983
1972
1950
1932
1922
1899
1886
1873
1855
1849
1841
1826
1826
1823
1811
1818
1815
1809
1816
1820
1818
1827
1831
1831
1840
1843
1849
1861
1855
1869
1879
1882
1888
1901
1904
1912
1921
1922
1931
1939
1939
1944
1949
1950
1954
1961
1955
1961
1962
1954
1964
1968
1961
1967
1965
1955
1958
1957
1949
1950
1949
1947
1956
1962
1970
1994
2017
2052
2103
2156
2223
2301
2382
2477
2580
2682
2792
2906
3007
3104
3181
3224
3258
3269
3251
3226
3180
3110
3038
2950
2849
2749
2642
2533
2429
2328
2221
2135
2045
1964
1898
1832
1776
1735
1697
1672
1649
1626
1618
1610
1604
1608
1610
1613
1625
1641
1648
1670
1689
1702
1735
1757
1780
1814
1841
1863
1901
1926
1951
1983
1999
2010
2037
2052
2062
2076
2078
2080
2085
2077
2076
2071
2052
2045
2037
2016
2004
1987
1966
1950
1939
1918
1906
1895
1875
1869
1860
1845
1844
1839
1829
1832
1828
1817
1822
1824
1817
1828
1825
1825
1833
1832
1836
1843
1843
1848
1856
1856
1865
1873
1874
1883
1888
1893
1901
1907
1908
1915
1923
1920
1930
1932
1931
1941
1942
1939
1943
1945
1943
1949
1951
1947
1953
1950
1951
1955
1953
1954
1952
1945
1949
1951
1944
1950
1956
1956
1970
1987
2010
2049
2093
2142
2214
2291
2368
2468
2570
2672
2794
2908
3012
3110
3185
3236
3272
3275
3257
3230
3175
3107
3030
2934
2834
2733
2621
2511
2407
2300
2206
2114
2023
1946
1877
1809
1765
1725
1681
1660
1639
1614
1610
1605
1597
1601
1606
1605
1620
1627
1641
1661
1679
1696
1729
1750
1776
1810
1835
1864
1894
1922
1949
1977
1993
2015
2035
2046
2058
2069
2069
2074
2073
2064
2062
2054
2036
2029
2017
1998
1987
1972
1954
1945
1925
1906
1900
1877
1869
1865
1851
1841
1838
1829
1823
1825
1821
1820
1825
1820
1828
1834
1828
1837
1840
1840
1847
1854
1854
1863
1869
1871
1885
1887
1887
1900
1902
1901
1913
1920
1917
1930
1930
1926
1937
1937
1937
1944
1947
1948
1953
1950
1953
1959
1952
1954
1960
1954
1955
1956
1947
1950
1950
1941
1943
1942
1936
1941
1941
1934
1946
1951
1959
1984
2010
2038
2088
2142
2200
2276
2348
2433
2532
2626
2727
2827
2923
3015
3093
3145
3175
3194
3181
3152
3107
3042
2968
2882
2780
2686
2582
2472
2374
2276
2171
2087
2004
1923
1858
1800
1745
1706
1668
1637
1624
1603
1595
1593
1584
1585
1595
1603
1619
1640
1653
1679
1707
1732
1764
1797
1826
1862
1896
1921
1959
1988
2008
2038
2061
2070
2094
2110
2113
2122
2125
2123
2123
2111
2097
2090
2072
2048
2043
2019
2001
1988
1966
1952
1937
1915
1901
1891
1873
1867
1861
1847
1846
1842
1830
1831
1835
1830
1837
1843
1840
1848
1856
1856
1866
1869
1870
1878
1883
1884
1896
1897
1901
1913
1912
1913
1921
1923
1928
1935
1935
1941
1945
1941
1946
1948
1944
1946
1948
1941
1943
1944
1938
1946
1952
1960
1979
1998
2026
2064
2110
2163
2235
2308
2385
2485
2579
2679
2790
2891
2985
3064
3121
3154
3171
3159
3137
3096
3031
2962
2884
2786
2690
2591
2481
2382
2281
2181
2096
2011
1927
1865
1799
1740
1701
1659
1624
1609
1588
1572
1572
1560
1557
1563
1565
1577
1597
1611
1633
1663
1683
1716
1751
1778
1814
1852
1876
1914
1947
1973
2005
2036
2049
2072
2086
2089
2102
2107
2098
2101
2092
2078
2072
2054
2038
2028
2008
1988
1978
1955
1936
1922
1902
1886
1878
1860
1846
1841
1829
1822
1819
1812
1813
1812
1808
1812
1814
1808
1820
1824
1823
1831
1837
1838
1847
1854
1858
1870
1871
1876
1888
1890
1898
1906
1905
1914
1923
1924
1926
1933
1935
1937
1940
1940
1944
1950
1946
1951
1954
1945
1952
1951
1945
1953
1959
1960
1980
2000
2025
2070
2112
2169
2242
2322
2409
2512
2611
2724
2843
2947
3047
3136
3193
3237
3258
3254
3233
3191
3128
3058
2978
2874
2780
2676
2558
2457
2355
2243
2152
2065
1972
1904
1838
1775
1734
1696
1662
1648
1627
1611
1614
1607
1607
1615
1616
1625
1638
1650
1667
1690
1706
1725
1749
1769
1798
1824
1844
1874
1906
1923
1952
1978
1994
2020
2037
2044
2061
2066
2065
2070
2066
2055
2057
2047
2033
2027
2007
1996
1982
1964
1950
1936
1915
1904
1892
1875
1868
1858
1847
1841
1839
1827
1830
1829
1821
1824
1821
1818
1825
1825
1825
1833
1835
1836
1846
1849
1848
1863
1862
1865
1877
1880
1885
1892
1892
1902
1913
1911
1921
1928
1926
1935
1940
1938
1944
1952
1945
1949
1952
1944
1951
1950
1945
1949
1946
1941
1946
1941
1935
1937
1940
1939
1955
1966
1984
2020
2055
2107
2171
2241
2325
2424
2523
2632
2755
2871
2987
3094
3168
3233
3273
3286
3282
3257
3206
3148
3071
2978
2889
2785
2671
2569
2465
2359
2259
2164
2069
1995
1920
1856
1802
1747
1708
1678
1646
1631
1621
1603
1599
1604
1598
1604
1612
1620
1636
1652
1663
1692
1714
1729
1764
1789
1812
1843
1869
1892
1923
1947
1965
1990
2006
2018
2039
2042
2048
2054
2052
2049
2049
2038
2028
2024
2006
1994
1985
1964
1949
1937
1915
1902
1892
1870
1864
1854
1835
1833
1829
1818
1817
1818
1811
1815
1819
1816
1826
1827
1828
1840
1838
1842
1852
1850
1857
1861
1865
1867
1876
1878
1886
1894
1892
1894
1910
1907
1918
1924
1922
1930
1936
1933
1944
1946
1939
1946
1943
1941
1942
1944
1943
1949
1944
1941
1947
1940
1942
1948
1945
1948
1951
1954
1961
1980
1998
2030
2075
2118
2182
2251
2324
2413
2513
2612
2724
2840
2941
3046
3125
3184
3226
3240
3229
3208
3160
3096
3025
2935
2833
2740
2631
2522
2420
2313
2211
2119
2026
1949
1885
1815
1765
1724
1679
1650
1631
1607
1599
1593
1582
1588
1590
1587
1601
1616
1621
1648
1668
1681
1712
1737
1763
1796
1826
1853
1887
1913
1940
1971
1992
2013
2035
2046
2059
2074
2073
2079
2084
2076
2076
2071
2055
2047
2036
2017
2010
1996
1972
1962
1946
1925
1919
1904
1886
1877
1865
1853
1849
1845
1835
1835
1829
1826
1831
1827
1830
1834
1832
1840
1848
1846
1854
1860
1862
1868
1875
1876
1888
1894
1896
1908
1909
1910
1924
1926
1924
1933
1939
1936
1945
1949
1946
1952
1945
1942
1948
1942
1942
1943
1940
1944
1959
1966
1988
2019
2049
2097
2153
2214
2290
2371
2453
2551
2651
2739
2844
2937
3008
3072
3113
3125
3127
3105
3057
3004
2935
2846
2762
2659
2555
2458
2348
2246
2154
2059
1976
1900
1826
1766
1716
1666
1629
1597
1575
1561
1549
1538
1538
1540
1538
1550
1568
1579
1602
1630
1648
1683
1715
1743
1785
1816
1848
1889
1919
1950
1991
2014
2037
2059
2075
2090
2106
2109
2116
2117
2109
2108
2097
2086
2075
2059
2033
2018
1997
1972
1956
1938
1910
1902
1881
1862
1856
1841
1829
1826
1817
1808
1813
1809
1805
1812
1812
1820
1826
1828
1835
1845
1847
1859
1869
1873
1882
1891
1893
1899
1909
1907
1917
1921
1921
1932
1935
1936
1940
1940
1937
1948
1947
1943
1948
1947
1944
1952
1956
1970
1992
2015
2044
2089
2133
2196
2268
2337
2425
2522
2614
2717
2828
2920
3018
3093
3141
3175
3185
3170
3144
3097
3026
2957
2870
2773
2680
2576
2467
2365
2264
2164
2080
1997
1915
1852
1789
1741
1700
1661
1632
1615
1595
1584
1581
1571
1574
1580
1584
1598
1616
1624
1646
1668
1684
1715
1741
1759
1795
1826
1850
1885
1916
1940
1966
1991
2006
2029
2039
2052
2066
2065
2070
2072
2064
2060
2056
2038
2029
2021
2002
1990
1979
1962
1949
1938
1915
1906
1895
1871
1867
1858
1842
1840
1837
1825
1826
1824
1818
1820
1819
1820
1825
1826
1829
1841
1841
1846
1857
1858
1866
1877
1879
1888
1897
1901
1907
1916
1918
1928
1933
1929
1938
1942
1938
1943
1947
1943
1949
1953
1948
1951
1948
1946
1949
1944
1944
1951
1949
1959
1983
2000
2028
2072
2120
2180
2250
2326
2416
2511
2609
2724
2833
2936
3039
3123
3179
3221
3243
3232
3215
3175
3114
3052
2970
2873
2781
2673
2563
2466
2361
2261
2177
2082
2003
1937
1872
1820
1777
1735
1705
1680
1652
1641
1628
1617
1615
1619
1616
1623
1635
1637
1654
1671
1681
1706
1728
1746
1774
1799
1821
1853
1876
1893
1930
1948
1968
1990
2007
2017
2029
2031
2039
2045
2040
2042
2041
2030
2023
2015
1999
1987
1977
1959
1946
1934
1913
1904
1894
1878
1871
1859
1844
1843
1836
1828
1833
1825
1818
1827
1827
1824
1828
1828
1833
1837
1837
1842
1849
1847
1855
1864
1864
1871
1881
1885
1895
1904
1906
1914
1923
1921
1932
1936
1933
1941
1943
1939
1945
1942
1938
1942
1943
1940
1947
1940
1938
1938
1937
1939
1941
1937
1947
1966
1977
2008
2047
2087
2142
2208
2281
2371
2468
2566
2677
2791
2893
3002
3091
3153
3209
3237
3237
3228
3196
3137
3073
2992
2899
2806
2704
2595
2500
2393
2292
2204
2109
2026
1958
1885
1826
1780
1733
1702
1677
1651
1635
1621
1608
1609
1605
1600
1609
1619
1620
1636
1649
1662
1684
1704
1726
1754
1776
1801
1834
1857
1882
1912
1933
1956
1978
1996
2010
2029
2029
2040
2047
2042
2040
2036
2017
2018
2009
1990
1979
1969
1949
1939
1927
1901
1894
1880
1865
1861
1847
1836
1831
1824
1818
1821
1817
1813
1822
1820
1821
1831
1835
1841
1851
1851
1861
1872
1868
1879
1885
1884
1893
1903
1901
1910
1918
1915
1924
1927
1926
1935
1938
1936
1945
1943
1941
1948
1943
1939
1948
1941
1942
1944
1939
1937
1940
1939
1940
1944
1935
1936
1940
1941
1955
1969
1986
2018
2060
2101
2160
2227
2287
2379
2466
2553
2655
2753
2838
2933
3013
3070
3120
3139
3135
3124
3085
3030
2968
2883
2798
2704
2600
2504
2404
2300
2208
2120
2034
1958
1893
1824
1776
1735
1692
1667
1639
1616
1604
1592
1580
1586
1586
1585
1602
1611
1621
1646
1667
1694
1724
1750
1782
1817
1844
1877
1910
1932
1960
1989
2002
2025
2043
2050
2061
2070
2065
2070
2067
2057
2055
2046
2029
2027
2015
1992
1984
1972
1950
1943
1930
1910
1906
1894
1885
1881
1868
1863
1862
1851
1849
1853
1847
1847
1853
1846
1849
1851
1855
1862
1864
1865
1872
1875
1872
1884
1887
1885
1897
1901
1900
1911
1917
1916
1925
1926
1925
1933
1931
1934
1939
1935
1940
1942
1941
1947
1957
1960
1978
1998
2023
2060
2103
2156
2219
2292
2362
2454
2543
2630
2738
2830
2914
2998
3059
3093
3117
3113
3086
3052
2997
2927
2854
2765
2668
2578
2470
2369
2273
2174
2084
2005
1928
1862
1804
1745
1697
1664
1631
1610
1594
1571
1567
1565
1555
1565
1572
1578
1595
1612
1629
1656
1682
1705
1739
1767
1794
1834
1864
1893
1933
1957
1985
2012
2030
2048
2067
2078
2089
2097
2090
2090
2090
2077
2069
2062
2038
2027
2012
1986
1977
1958
1941
1926
1909
1891
1885
1871
1856
1853
1844
1832
1834
1829
1826
1829
1829
1830
1835
1838
1840
1846
1847
1854
1861
1862
1868
1873
1875
1885
1894
1894
1903
1909
1909
1922
1923
1926
1935
1937
1933
1944
1948
1944
1953
1948
1945
1950
1946
1945
1950
1944
1949
1960
1967
1986
2012
2037
2079
2135
2190
2262
2345
2424
2525
2626
2726
2836
2940
3028
3108
3164
3190
3210
3204
3168
3132
