1536
1607
1663
1717
1760
1796
1831
1849
1859
1861
1852
1842
1824
1797
1768
1733
1693
1662
1620
1570
1532
1499
1457
1425
1391
1356
1332
1307
1281
1267
1250
1238
1228
1225
1222
1229
1233
1239
1255
1266
1274
1289
1302
1320
1341
1356
1377
1393
1409
1427
1446
1458
1471
1484
1496
1510
1530
1543
1572
1605
1647
1713
1797
1901
2033
2180
2356
2552
2762
2984
3213
3442
3661
3857
3870
3872
3871
3871
3873
3870
3871
3872
3870
3870
3872
3871
3871
3873
3871
3775
3588
3392
3194
2998
2798
2602
2409
2219
2033
1865
1701
1545
1405
1274
1160
1068
990
930
889
863
854
862
884
924
974
1030
1101
1182
1259
1349
1433
1513
1595
1670
1734
1800
1855
1895
1933
1954
1966
1977
1971
1957
1939
1911
1876
1843
1803
1754
1708
1660
1616
1571
1526
1480
1440
1399
1364
1337
1306
1282
1265
1247
1234
1224
1218
1219
1217
1223
1233
1239
1249
1268
1282
1295
1312
1327
1341
1354
1372
1384
1401
1413
1434
1450
1467
1490
1515
1545
1590
1651
1726
1825
1945
2081
2244
2427
2631
2849
3071
3298
3528
3736
3870
3872
3871
3871
3872
3871
3871
3870
3869
3870
3872
3872
3871
3872
3871
3767
3578
3380
3184
2988
2787
2589
2402
2210
2025
1853
1688
1540
1398
1267
1159
1063
975
917
865
827
816
821
833
867
913
965
1034
1110
1195
1281
1364
1451
1533
1610
1680
1751
1809
1864
1905
1940
1968
1977
1981
1979
1961
1939
1914
1881
1839
1797
1753
1701
1654
1610
1561
1518
1476
1435
1398
1363
1334
1313
1289
1270
1261
1253
1247
1249
1247
1250
1256
1267
1283
1295
1307
1326
1342
1358
1379
1394
1411
1432
1450
1466
1485
1500
1510
1529
1546
1563
1586
1612
1647
1700
1761
1845
1958
2083
2236
2420
2615
2829
3057
3290
3525
3751
3870
3871
3872
3869
3871
3872
3871
3870
3872
3870
3870
3872
3870
3869
3872
3871
3871
3871
3710
3521
3329
3129
2936
2745
2554
2375
2194
2025
1863
1711
1572
1444
1327
1230
1142
1072
1018
977
950
941
949
966
999
1043
1090
1150
1217
1288
1364
1435
1508
1582
1644
1702
1757
1799
1833
1866
1885
1899
1904
1904
1896
1882
1865
1838
1806
1764
1730
1692
1642
1604
1562
1519
1478
1445
1405
1378
1343
1317
1295
1275
1261
1251
1248
1242
1247
1254
1257
1272
1282
1297
1313
1328
1346
1363
1379
1400
1418
1431
1451
1468
1480
1496
1512
1524
1535
1552
1567
1593
1620
1657
1716
1787
1872
1985
2117
2272
2459
2658
2875
3105
3346
3581
3812
3872
3871
3871
3872
3871
3871
3870
3870
3871
3870
3871
3871
3871
3871
3870
3870
3872
3871
3660
3463
3256
3052
2848
2646
2449
2260
2080
1903
1740
1590
1450
1327
1218
1126
1043
974
933
905
890
903
923
955
1006
1068
1135
1205
1287
1365
1450
1537
1610
1688
1749
1806
1866
1906
1933
1962
1970
1977
1980
1970
1949
1923
1893
1853
1817
1773
1730
1690
1642
1600
1555
1508
1472
1438
1398
1366
1339
1312
1296
1280
1266
1258
1257
1248
1257
1266
1274
1289
1304
1316
1334
1360
1379
1399
1423
1439
1459
1476
1492
1508
1524
1535
1557
1570
1587
1612
1633
1672
1716
1773
1852
1952
2073
2220
2387
2574
2786
3006
3229
3459
3676
3865
3871
3871
3871
3869
3872
3872
3870
3872
3871
3871
3871
3873
3871
3871
3870
3869
3649
3451
3248
3045
2841
2635
2431
2234
2043
1853
1686
1521
1373
1248
1128
1023
945
880
836
813
804
814
848
885
943
1012
1084
1167
1262
1352
1448
1543
1633
1716
1796
1864
1925
1975
2015
2045
2062
2067
2072
2061
2037
2014
1981
1939
1896
1850
1800
1751
1702
1648
1605
1559
1520
1485
1445
1418
1399
1383
1375
1380
1390
1412
1449
1496
1558
1629
1700
1791
1876
1957
2044
2122
2188
2248
2297
2329
2347
2351
2336
2308
2265
2210
2144
2067
1981
1898
1804
1712
1626
1538
1459
1389
1325
1273
1227
1193
1172
1158
1150
1164
1180
1201
1240
1278
1319
1367
1417
1466
1520
1566
1611
1653
1697
1733
1766
1795
1821
1841
1855
1862
1874
1867
1870
1862
1856
1845
1835
1818
1800
1782
1761
1748
1729
1709
1695
1677
1661
1649
1643
1627
1620
1613
1605
1603
1598
1589
1588
1584
1579
1580
1578
1573
1576
1572
1573
1577
1576
1577
1578
1577
1578
1579
1579
1585
1586
1588
1599
1605
1612
1620
1627
1629
1638
1649
1657
1669
1679
1690
1704
1715
1723
1736
1746
1755
1768
1772
1783
1790
1800
1808
1814
1818
1827
1829
1827
1829
1829
1828
1827
1829
1827
1838
1850
1868
1903
1951
2015
2102
2202
2325
2474
2629
2805
3000
3196
3390
3590
3772
3870
3872
3872
3871
3871
3871
3870
3871
3872
3872
3872
3872
3871
3871
3728
3560
3381
3189
2998
2805
2611
2422
2232
2058
1893
1736
1591
1469
1360
1264
1191
1137
1102
1088
1088
1110
1148
1194
1267
1341
1421
1507
1601
1692
1790
1884
1967
2050
2123
2183
2240
2283
2314
2338
2352
2352
2352
2337
2312
2284
2251
2204
2160
2112
2067
2015
1968
1914
1863
1806
1761
1714
1671
1633
1600
1565
1542
1523
1501
1493
1478
1472
1471
1472
1471
1475
1481
1484
1498
1507
1519
1534
1544
1557
1575
1590
1609
1630
1648
1672
1705
1739
1796
1865
1949
2058
2192
2341
2522
2725
2942
3178
3419
3659
3868
3872
3871
3871
3871
3871
3873
3870
3872
3872
3872
3872
3871
3873
3872
3871
3871
3871
3871
3872
3870
3871
3749
3525
3304
3079
2855
2637
2421
2216
2020
1838
1673
1525
1399
1294
1203
1133
1091
1070
1062
1082
1115
1160
1223
1302
1381
1477
1565
1658
1753
1841
1926
2002
2064
2120
2170
2203
2228
2241
2242
2235
2217
2189
2156
2115
2069
2019
1967
1909
1860
1808
1750
1705
1661
1612
1572
1533
1500
1470
1443
1419
1403
1385
1377
1371
1363
1362
1366
1368
1374
1388
1391
1412
1430
1448
1478
1503
1535
1590
1660
1746
1865
2006
2173
2380
2614
2865
3148
3442
3744
3871
3872
3872
3871
3873
3872
3872
3872
3872
3872
3872
3872
3872
3873
3873
3873
3873
3871
3871
3872
3872
3872
3872
3872
3871
3872
3870
3872
3872
3713
3448
3177
2913
2652
2411
2186
1972
1778
1613
1467
1347
1255
1182
1136
1114
1112
1127
1164
1211
1275
1344
1412
1494
1568
1639
1713
1775
1823
1867
1904
1925
1946
1957
1953
1944
1924
1899
1870
1837
1795
1756
1713
1668
1627
1584
1541
1502
1466
1433
1402
1372
1353
1331
1309
1300
1292
1282
1285
1286
1286
1297
1308
1312
1321
1340
1351
1370
1388
1408
1443
1483
1542
1628
1731
1860
2031
2222
2450
2704
2982
3283
3592
3869
3873
3873
3872
3872
3872
3872
3872
3872
3872
3873
3873
3873
3872
3871
3872
3872
3873
3872
3872
3871
3872
3872
3872
3873
3872
3873
3873
3872
3750
3474
3199
2924
2650
2386
2134
1905
1692
1499
1334
1190
1072
985
927
888
880
889
919
971
1025
1092
1168
1248
1323
1406
1480
1542
1607
1656
1699
1735
1757
1769
1778
1775
1762
1748
1718
1691
1658
1618
1580
1546
1503
1465
1428
1388
1357
1331
1300
1280
1258
1239
1229
1213
1201
1202
1197
1192
1196
1200
1203
1216
1228
1239
1255
1273
1292
1316
1341
1384
1436
1497
1580
1695
1824
1990
2187
2411
2662
2933
3218
3512
3798
3872
3873
3872
3873
3873
3871
3872
3872
3872
3873
3872
3873
3873
3872
3872
3872
3872
3872
3873
3873
3873
3872
3872
3870
3598
3348
3089
2838
2581
2331
2091
1861
1644
1452
1269
1105
975
861
773
715
679
668
679
710
754
823
895
983
1074
1158
1253
1344
1423
1499
1570
1625
1676
1711
1730
1749
1752
1746
1736
1711
1680
1651
1619
1571
1532
1485
1436
1391
1353
1309
1275
1241
1204
1180
1157
1139
1127
1110
1107
1102
1096
1097
1107
1115
1130
1147
1156
1173
1186
1202
1219
1236
1250
1275
1297
1321
1353
1388
1429
1482
1564
1658
1784
1940
2119
2329
2562
2826
3102
3382
3668
3872
3872
3872
3872
3872
3873
3873
3873
3874
3872
3872
3872
3872
3872
3872
3873
3873
3874
3873
3873
3874
3872
3872
3872
3688
3448
3212
2967
2727
2487
2245
2010
1795
1584
1390
1220
1060
925
811
718
662
625
608
615
645
684
750
821
893
980
1070
1150
1240
1323
1394
1461
1522
1566
1605
1633
1650
1656
1656
1645
1634
1612
1582
1556
1521
1481
1445
1404
1361
1324
1287
1251
1219
1184
1163
1142
1121
1110
1098
1092
1097
1102
1103
1112
1119
1132
1151
1171
1189
1210
1225
1247
1275
1294
1317
1341
1359
1380
1401
1415
1429
1445
1456
1468
1471
1470
1481
1489
1497
1516
1538
1572
1632
1705
1806
1943
2105
2297
2525
2772
3044
3329
3616
3868
3872
3871
3873
3873
3874
3873
3872
3872
3872
3872
3872
3872
3873
3873
3873
3873
3873
3873
3872
3872
3873
3872
3872
3872
3872
3871
3809
3569
3319
3071
2823
2566
2323
2081
1855
1644
1446
1268
1119
993
894
817
761
734
727
736
769
815
867
934
1008
1080
1157
1236
1303
1368
1431
1482
1528
1567
1594
1612
1624
1623
1622
1608
1587
1569
1541
1504
1470
1437
1401
1369
1332
1303
1274
1242
1221
1207
1183
1170
1162
1151
1151
1150
1149
1157
1165
1172
1193
1203
1217
1237
1253
1272
1301
1324
1345
1371
1395
1420
1446
1466
1485
1508
1527
1543
1559
1565
1580
1589
1584
1585
1587
1576
1571
1567
1552
1544
1533
1517
1512
1502
1491
1489
1486
1488
1509
1535
1583
1657
1762
1897
2069
2275
2514
2781
3070
3373
3682
3872
3872
3873
3873
3873
3873
3872
3873
3872
3872
3873
3872
3873
3873
3873
3873
3873
3872
3872
3872
3872
3873
3873
3873
3873
3872
3872
3872
3872
3872
3644
3371
3095
2826
2563
2303
2062
1842
1634
1456
1301
1175
1077
1005
953
928
926
939
977
1023
1073
1135
1201
1264
1330
1395
1446
1498
1537
1576
1605
1622
1636
1641
1631
1621
1608
1584
1559
1534
1500
1471
1436
1401
1369
1331
1299
1271
1244
1214
1200
1186
1170
1164
1162
1155
1159
1165
1168
1176
1187
1202
1222
1239
1255
1274
1293
1317
1343
1364
1386
1410
1429
1456
1477
1494
1515
1531
1544
1560
1575
1579
1583
1583
1582
1583
1582
1580
1574
1569
1559
1549
1546
1534
1524
1513
1501
1489
1476
1462
1453
1443
1438
1438
1438
1457
1481
1524
1599
1691
1815
1982
2180
2412
2678
2970
3272
3591
3869
3872
3873
3874
3873
3873
3873
3873
3873
3872
3872
3872
3872
3872
3873
3871
3873
3874
3872
3871
3872
3872
3872
3873
3871
3873
3872
3872
3730
3463
3184
2911
2643
2377
2129
1896
1675
1484
1315
1170
1055
967
897
863
846
857
886
931
987
1058
1137
1213
1293
1371
1446
1513
1569
1626
1666
1698
1726
1732
1726
1723
1710
1685
1662
1635
1593
1555
1513
1470
1431
1389
1350
1317
1284
1254
1233
1211
1189
1171
1157
1151
1145
1146
1148
1155
1159
1175
1186
1199
1217
1236
1255
1274
1297
1316
1345
1367
1389
1418
1435
1459
1483
1497
1511
1530
1540
1551
1565
1567
1573
1576
1577
1574
1575
1569
1565
1557
1541
1538
1527
1506
1496
1483
1463
1453
1447
1433
1428
1423
1422
1435
1456
1499
1558
1646
1757
1913
2086
2293
2534
2796
3073
3366
3663
3873
3873
3874
3873
3873
3872
3872
3872
3872
3873
3873
3873
3873
3872
3872
3872
3872
3872
3873
3873
3873
3872
3873
3711
3469
3222
2972
2725
2479
2237
2009
1794
1588
1408
1244
1108
990
895
825
780
753
750
772
806
864
936
1011
1095
1183
1273
1365
1453
1532
1606
1666
1716
1768
1800
1818
1832
1832
1822
1803
1781
1749
1716
1672
1629
1581
1528
1481
1432
1381
1340
1299
1255
1227
1197
1168
1148
1129
1114
1110
1104
1105
1112
1118
1125
1143
1157
1174
1192
1214
1234
1260
1290
1310
1333
1355
1380
1404
1422
1444
1463
1479
1494
1521
1533
1542
1559
1568
1579
1589
1596
1603
1602
1598
1598
1597
1586
1584
1577
1568
1558
1552
1536
1525
1515
1500
1490
1474
1469
1469
1473
1496
1529
1583
1666
1781
1924
2097
2304
2543
2813
3094
3391
3696
3872
3872
3872
3873
3873
3873
3874
3873
3872
3872
3872
3873
3870
3872
3872
3872
3872
3873
3873
3873
3873
3873
3872
3872
3872
3872
3872
3601
3357
3113
2866
2629
2393
2161
1948
1750
1560
1400
1253
1129
1034
961
905
875
866
877
906
950
1001
1068
1140
1215
1301
1379
1455
1525
1583
1636
1690
1728
1753
1770
1780
1781
1770
1752
1737
1703
1663
1627
1590
1546
1501
1459
1415
1376
1340
1306
1276
1247
1222
1202
1180
1170
1162
1155
1156
1161
1164
1172
1184
1195
1213
1229
1246
1268
1291
1312
1340
1367
1385
1410
1432
1446
1466
1490
1501
1518
1537
1548
1566
1576
1584
1597
1598
1602
1609
1603
1605
1607
1598
1593
1583
1576
1570
1561
1549
1539
1529
1517
1515
1511
1506
1517
1529
1555
1605
1678
1770
1898
2062
2253
2480
2732
3005
3300
3603
3869
3872
3873
3871
3872
3873
3872
3872
3872
3872
3872
3873
3873
3872
3873
3873
3872
3873
3871
3872
3872
3872
3872
3872
3872
3871
3869
3587
3342
3091
2845
2597
2363
2140
1929
1731
1553
1395
1259
1142
1048
982
939
910
915
931
963
1015
1078
1147
1226
1311
1391
1474
1551
1620
1685
1741
1786
1824
1847
1860
1869
1861
1848
1830
1799
1763
1725
1684
1633
1589
1538
1491
1444
1395
1359
1322
1283
1253
1226
1192
1173
1165
1152
1147
1153
1150
1162
1170
1184
1201
1219
1236
1263
1284
1303
1329
1354
1373
1401
1431
1453
1476
1501
1522
1541
1556
1577
1597
1608
1624
1631
1638
1642
1649
1650
1650
1650
1649
1647
1642
1634
1625
1615
1600
1595
1585
1572
1568
1567
1571
1591
1622
1680
1758
1865
2009
2182
2385
2621
2877
3153
3440
3739
3872
3872
3872
3872
3872
3872
3872
3872
3872
3872
3872
3872
3872
3873
3871
3873
3873
3871
3873
3874
3871
3871
3872
3870
3872
3624
3374
3129
2883
2638
2402
2180
1965
1769
1593
1425
1287
1169
1073
1004
952
923
917
938
969
1028
1096
1170
1260
1357
1447
1545
1634
1724
1806
1881
1944
1996
2031
2061
2074
2073
2061
2041
2009
1971
1926
1876
1817
1759
1698
1638
1579
1519
1464
1410
1360
1318
1276
1239
1214
1192
1172
1160
1151
1147
1145
1150
1158
1167
1179
1195
1210
1224
1238
1257
1272
1296
1321
1338
1361
1382
1403
1425
1441
1455
1472
1484
1495
1515
1529
1535
1549
1559
1558
1562
1566
1562
1565
1560
1554
1550
1537
1540
1538
1534
1535
1541
1547
1569
1611
1668
1757
1870
2016
2197
2410
2649
2916
3193
3479
3777
3874
3872
3873
3872
3872
3872
3872
3872
3872
3873
3873
3874
3874
3872
3873
3874
3872
3871
3872
3871
3872
3872
3872
3673
3422
3175
2928
2684
2446
2213
1989
1788
1596
1417
1262
1131
1009
918
852
805
780
780
801
839
892
959
1037
1123
1213
1312
1406
1500
1588
1667
1737
1800
1853
1897
1927
1943
1957
1950
1936
1917
1886
1847
1805
1756
1703
1652
1600
1546
1497
1440
1393
1348
1308
1270
1239
1207
1182
1166
1145
1141
1134
1131
1133
1134
1142
1155
1168
1180
1208
1225
1242
1272
1298
1318
1343
1369
1388
1410
1439
1456
1477
1495
1513
1529
1546
1556
1566
1570
1574
1582
1586
1585
1588
1586
1586
1586
1589
1593
1603
1619
1655
1710
1784
1888
2018
2176
2365
2586
2824
3084
3354
3626
3867
3872
3872
3872
3872
3873
3873
3873
3874
3872
3871
3872
3872
3872
3872
3872
3872
3870
3872
3873
3873
3770
3524
3282
3034
2788
2549
2320
2091
1881
1689
1505
1339
1189
1059
956
871
809
778
763
767
798
838
899
974
1060
1160
1259
1361
1469
1573
1669
1768
1854
1921
1986
2036
2072
2096
2111
2108
2101
2079
2046
2008
1961
1905
1853
1796
1731
1674
1611
1547
1498
1442
1388
1345
1307
1269
1239
1213
1196
1184
1174
1174
1177
1179
1184
1201
1215
1231
1253
1271
1293
1319
1342
1365
1389
1414
1439
1464
1490
1518
1538
1554
1575
1592
1601
1612
1620
1628
1638
1644
1652
1663
1678
1712
1759
1821
1913
2027
2167
2335
2535
2751
2996
3248
3503
3760
3872
3871
3870
3872
3872
3872
3872
3872
3873
3871
3872
3873
3874
3872
3873
3872
3873
3873
3874
3743
3497
3242
2997
2745
2492
2252
2026
1803
1598
1410
1236
1093
963
858
783
725
693
690
709
741
804
876
962
1058
1167
1280
1395
1511
1620
1730
1828
1923
2002
2068
2125
2172
2199
2214
2218
2204
2185
2156
2118
2074
2021
1960
1904
1833
1764
1702
1637
1571
1517
1459
1403
1358
1317
1282
1253
1226
1208
1199
1193
1196
1200
1204
1218
1234
1250
1268
1287
1305
1327
1352
1376
1401
1424
1448
1472
1493
1508
1528
1542
1549
1565
1575
1577
1591
1600
1612
1632
1660
1706
1772
1852
1968
2112
2280
2486
2721
2976
3248
3537
3817
3873
3873
3873
3873
3873
3872
3872
3872
3872
3872
3873
3872
3874
3873
3873
3873
3874
3872
3871
3874
3871
3871
3872
3872
3621
3368
3120
2880
2637
2402
2175
1957
1754
1564
1397
1250
1120
1010
929
867
823
809
815
834
878
938
1001
1079
1169
1257
1351
1441
1535
1621
1697
1766
1826
1876
1914
1946
1955
1964
1961
1943
1919
1888
1852
1810
1761
1706
1656
1602
1541
1490
1438
1384
1338
1299
1259
1225
1197
1171
1154
1137
1128
1125
1125
1128
1137
1147
1161
1180
1196
1213
1234
1257
1282
1306
1329
1357
1378
1398
1424
1448
1461
1480
1494
1505
1521
1536
1549
1565
1587
1610
1650
1700
1767
1865
1981
2128
2303
2506
2730
2982
3244
3513
3784
3872
3873
3873
3872
3872
3873
3872
3874
3872
3870
3872
3872
3873
3874
3872
3873
3873
3873
3873
3871
3873
3684
3448
3208
2973
2745
2516
2294
2085
1882
1689
1516
1357
1206
1079
969
883
814
762
741
736
744
781
827
885
964
1050
1142
1243
1337
1433
1530
1620
1703
1778
1844
1893
1940
1969
1986
1995
1986
1973
1954
1920
1882
1841
1791
1743
1689
1630
1581
1530
1473
1428
1384
1340
1302
1269
1236
1211
1189
1171
1163
1156
1153
1159
1165
1170
1185
1198
1218
1240
1258
1277
1305
1328
1352
1378
1399
1423
1444
1460
1481
1497
1509
1525
1537
1544
1558
1579
1604
1643
1698
1767
1867
1984
2128
2298
2490
2703
2934
3173
3408
3650
3861
3872
3872
3872
3872
3872
3873
3873
3873
3873
3873
3873
3873
3873
3872
3872
3834
3607
3379
3153
2919
2688
2464
2240
2025
1822
1624
1438
1278
1129
995
885
791
719
670
647
638
658
689
744
815
892
990
1094
1200
1313
1425
1532
1636
1735
1820
1898
1965
2020
2068
2095
2112
2120
2114
2093
2075
2039
1994
1950
1898
1838
1784
1729
1672
1618
1565
1512
1466
1416
1381
1347
1312
1288
1271
1252
1240
1236
1230
1232
1236
1241
1253
1264
1278
1297
1314
1325
1350
1367
1380
1397
1416
1435
1455
1476
1491
1512
1528
1553
1587
1621
1672
1741
1829
1934
2074
2229
2416
2628
2855
3100
3354
3605
3849
3872
3872
3874
3872
3872
3872
3873
3872
3872
3872
3872
3873
3872
3873
3873
3873
3873
3872
3873
3629
3403
3169
2938
2716
2487
2273
2068
1872
1688
1519
1360
1223
1102
997
921
860
817
800
800
814
854
911
971
1049
1137
1231
1330
1427
1520
1620
1707
1791
1864
1929
1973
2019
2048
2061
2070
2066
2053
2029
1992
1952
1905
1850
1797
1742
1681
1631
1574
1519
1469
1427
1381
1344
1313
1281
1257
1234
1220
1209
1199
1202
1202
1206
1216
1231
1247
1269
1291
1314
1338
1366
1391
1422
1443
1460
1491
1512
1529
1556
1575
1589
1610
1645
1670
1716
1774
1847
1948
2071
2222
2404
2615
2845
3107
3382
3657
3873
3871
3873
3874
3872
3873
3872
3872
3872
3872
3872
3872
3873
3872
3873
3874
3872
3873
3872
3872
3872
3873
3873
3873
3873
3872
3772
3540
3303
3069
2837
2603
2384
2165
1960
1771
1594
1442
1301
1181
1083
1009
955
928
918
923
953
993
1042
1105
1177
1250
1333
1411
1487
1563
1631
1694
1745
1791
1819
1845
1858
1858
1857
1840
1818
1789
1756
1719
1674
1631
1584
1535
1484
1443
1401
1359
1327
1295
1261
1240
1218
1199
1188
1182
1184
1190
1196
1206
1223
1241
1258
1285
1309
1330
1360
1382
1402
1430
1453
1473
1493
1508
1528
1544
1552
1567
1581
1583
1594
1608
1622
1652
1696
1753
1842
1957
2103
2285
2496
2733
3003
3284
3570
3860
3872
3872
3872
3872
3873
3873
3873
3872
3873
3875
3873
3873
3872
3872
3872
3872
3872
3872
3873
3873
3873
3873
3873
3873
3873
3874
3799
3550
3307
3058
2808
2573
2337
2111
1900
1707
1524
1364
1224
1100
1001
920
870
837
822
830
852
892
942
1013
1087
1164
1247
1324
1402
1470
1536
1596
1644
1683
1721
1738
1743
1747
1740
1719
1699
1672
1639
1601
1561
1515
1473
1427
1385
1346
1303
1266
1232
1200
1177
1161
1141
1127
1123
1119
1118
1123
1130
1140
1158
1170
1198
1222
1239
1268
1296
1317
1348
1374
1398
1427
1449
1465
1486
1501
1514
1530
1536
1542
1550
1550
1552
1559
1556
1564
1577
1590
1620
1666
1731
1829
1953
2105
2297
2518
2758
3026
3306
3594
3863
3872
3872
3873
3872
3873
3873
3874
3874
3872
3874
3872
3872
3872
3872
3872
3872
3874
3873
3872
3873
3873
3871
3871
3602
3352
3112
2871
2632
2408
2180
1964
1767
1581
1409
1256
1125
1007
918
845
794
767
756
766
798
842
902
973
1049
1129
1213
1292
1375
1450
1522
1589
1647
1688
1735
1764
1781
1794
1797
1778
1767
1742
1705
1672
1629
1580
1540
1494
1444
1399
1353
1311
1277
1238
1206
1180
1150
1132
1118
1109
1102
1101
1100
1110
1121
1129
1150
1169
1186
1216
1237
1259
1289
1321
1348
1375
1398
1424
1449
1467
1487
1507
1525
1535
1554
1565
1575
1584
1582
1588
1589
1588
1590
1593
1592
1599
1616
1640
1692
1758
1845
1969
2112
2284
2494
2729
2977
3242
3513
3777
3873
3874
3873
3873
3873
3873
3872
3872
3872
3872
3873
3872
3873
3873
3873
3874
3873
3875
3874
3872
3775
3542
3303
3068
2838
2605
2381
2169
1958
1768
1590
1423
1274
1145
1029
937
869
818
794
786
795
825
867
918
987
1064
1148
1237
1324
1412
1497
1572
1651
1716
1767
1814
1854
1876
1895
1902
1897
1885
1865
1832
1801
1756
1714
1666
1612
1562
1513
1462
1410
1367
1324
1281
1247
1217
1190
1170
1154
1146
1140
1133
1138
1144
1150
1161
1179
1193
1212
1240
1260
1287
1313
1335
1363
1391
1414
1438
1460
1480
1508
1526
1540
1557
1569
1578
1586
1595
1597
1599
1595
1598
1597
1589
1588
1590
1589
1597
1620
1648
1701
1774
1865
1988
2138
2309
2511
2732
2970
3220
3473
3710
3871
3874
3872
3872
3872
3872
3872
3873
3872
3872
3873
3873
3873
3874
3872
3873
3873
3870
3632
3413
3187
2968
2746
2528
2318
2111
1918
1730
1556
1401
1256
1128
1025
935
868
820
794
783
792
819
858
915
979
1058
1143
1227
1330
1423
1514
1606
1694
1768
1840
1901
1946
1987
2012
2029
2032
2028
2009
1990
1954
1912
1871
1825
1774
1728
1677
1621
1574
1528
1478
1435
1394
1358
1327
1294
1278
1256
1241
1229
1227
1220
1223
1230
1234
1246
1260
1275
1297
1318
1337
1364
1390
1411
1443
1466
1490
1514
1540
1559
1580
1598
1613
1631
1641
1656
1665
1672
1681
1680
1680
1674
1677
1670
1670
1677
1684
1696
1719
1757
1812
1889
1979
2104
2248
2411
2605
2808
3022
3250
3476
3690
3867
3872
3872
3872
3872
3872
3872
3873
3874
3873
3871
3873
3872
3872
3872
3669
3473
3264
3049
2832
2617
2398
2184
1984
1791
1608
1445
1292
1151
1035
941
863
809
777
762
771
792
842
908
986
1077
1178
1285
1396
1513
