2560
2569
2550
2526
2497
2481
2454
2419
2389
2354
2324
2286
2252
2209
2169
2131
2093
2039
1996
1949
1904
1864
1822
1789
1754
1724
1699
1688
1670
1666
1664
1665
1665
1683
1681
1706
1722
1736
1757
1770
1785
1805
1824
1839
1852
1860
1874
1880
1899
1905
1909
1913
1914
1919
1919
1917
1918
1915
1916
1913
1918
1923
1919
1907
1917
1915
1905
1909
1913
1907
1905
1904
1898
1901
1902
1908
1902
1899
1900
1904
1899
1909
1904
1893
1900
1898
1894
1909
1907
1905
1907
1911
1916
1916
1912
1921
1921
1933
1925
1939
1934
1930
1941
1946
1946
1952
1954
1954
1956
1960
1961
1962
1966
1961
1968
1965
1963
1959
1960
1962
1965
1963
1957
1959
1950
1960
1960
1955
1959
1962
1962
1964
1961
1957
1964
1962
1958
1965
1956
1961
1964
1956
1963
1954
1956
1959
1959
1955
1954
1958
1961
1960
1972
1979
1987
2007
2030
2058
2088
2128
2176
2210
2261
2313
2364
2408
2462
2505
2551
2591
2617
2641
2672
2684
2693
2708
2704
2699
2701
2694
2676
2668
2652
2628
2615
2588
2564
2538
2504
2479
2455
2420
2397
2366
2328
2304
2274
2241
2212
2171
2143
2105
2073
2034
1994
1962
1929
1894
1857
1830
1803
1790
1772
1760
1749
1740
1743
1745
1748
1756
1761
1773
1788
1794
1816
1832
1833
1852
1867
1876
1888
1892
1901
1911
1918
1916
1926
1927
1935
1945
1939
1938
1936
1938
1939
1937
1934
1933
1936
1935
1929
1922
1922
1924
1929
1920
1923
1921
1915
1921
1917
1924
1918
1930
1926
1921
1923
1922
1927
1927
1926
1931
1935
1931
1940
1933
1943
1944
1948
1950
1947
1949
1950
1958
1953
1949
1953
1953
1954
1961
1953
1957
1960
1958
1960
1957
1961
1961
1964
1961
1968
1969
1965
1969
1973
1969
1969
1968
1971
1973
1976
1968
1972
1961
1975
1970
1970
1973
1974
1969
1969
1978
1967
1962
1964
1958
1964
1964
1961
1961
1963
1964
1972
1981
1988
2013
2025
2048
2072
2116
2154
2200
2250
2298
2353
2405
2450
2510
2558
2588
2637
2668
2695
2732
2752
2768
2780
2791
2784
2789
2779
2769
2763
2749
2738
2720
2692
2670
2652
2615
2592
2560
2531
2507
2471
2438
2404
2375
2336
2304
2265
2227
2193
2153
2105
2067
2021
1975
1929
1889
1849
1819
1783
1757
1723
1712
1695
1684
1680
1675
1683
1688
1698
1711
1722
1737
1756
1775
1794
1806
1824
1847
1860
1875
1885
1901
1906
1919
1924
1928
1935
1933
1937
1945
1935
1940
1941
1931
1937
1939
1928
1931
1925
1917
1922
1920
1914
1908
1903
1896
1905
1907
1903
1901
1910
1904
1903
1902
1899
1908
1906
1906
1903
1910
1910
1912
1913
1915
1917
1922
1916
1929
1928
1927
1932
1933
1937
1940
1938
1938
1941
1940
1945
1946
1942
1949
1950
1945
1948
1941
1946
1941
1953
1950
1947
1948
1943
1950
1953
1951
1947
1947
1951
1947
1945
1944
1947
1947
1948
1949
1943
1951
1944
1941
1948
1946
1947
1954
1942
1952
1957
1956
1953
1956
1960
1961
1962
1972
1967
1968
1975
1983
1995
2007
2024
2047
2077
2111
2161
2193
2250
2297
2357
2407
2460
2504
2569
2615
2651
2696
2725
2751
2783
2808
2819
2832
2836
2841
2848
2847
2832
2828
2818
2806
2792
2769
2748
2733
2713
2679
2659
2623
2590
2556
2524
2492
2450
2413
2380
2337
2295
2252
2209
2150
2116
2062
2010
1960
1907
1853
1810
1764
1726
1688
1656
1634
1618
1607
1591
1593
1594
1599
1611
1623
1636
1654
1668
1685
1709
1737
1753
1770
1790
1805
1824
1841
1859
1869
1878
1886
1896
1900
1904
1903
1905
1905
1907
1903
1907
1901
1899
1899
1888
1886
1886
1879
1874
1873
1874
1871
1871
1868
1871
1866
1868
1881
1874
1873
1870
1879
1873
1874
1876
1878
1876
1881
1875
1884
1878
1879
1889
1888
1890
1893
1898
1894
1895
1901
1894
1898
1893
1901
1900
1904
1899
1903
1902
1908
1912
1904
1911
1911
1914
1917
1919
1914
1918
1927
1923
1921
1923
1927
1921
1918
1927
1929
1933
1929
1928
1932
1926
1934
1930
1926
1935
1932
1931
1925
1928
1926
1932
1929
1929
1925
1919
1927
1927
1916
1920
1917
1914
1924
1924
1929
1946
1952
1970
1986
2014
2042
2088
2128
2180
2224
2279
2336
2393
2451
2511
2565
2609
2651
2704
2740
2771
2802
2822
2844
2865
2870
2884
2888
2888
2890
2880
2870
2860
2837
2825
2804
2780
2753
2720
2695
2658
2628
2592
2544
2508
2472
2426
2393
2340
2294
2248
2203
2154
2102
2047
1992
1938
1889
1840
1799
1745
1701
1669
1629
1607
1591
1569
1565
1568
1560
1563
1571
1583
1605
1612
1640
1667
1684
1707
1738
1754
1774
1798
1810
1834
1845
1856
1863
1872
1879
1888
1889
1892
1889
1895
1889
1892
1879
1877
1874
1872
1868
1860
1862
1858
1853
1854
1852
1854
1840
1841
1848
1841
1842
1839
1842
1840
1847
1845
1842
1851
1853
1856
1858
1855
1860
1872
1872
1880
1881
1877
1881
1889
1890
1893
1894
1894
1898
1902
1903
1907
1905
1908
1903
1909
1902
1912
1914
1915
1917
1915
1907
1911
1910
1915
1923
1914
1914
1920
1909
1922
1922
1921
1925
1922
1926
1925
1931
1925
1925
1929
1926
1927
1928
1925
1923
1917
1916
1926
1928
1920
1923
1914
1923
1922
1933
1941
1950
1962
1982
2002
2031
2065
2102
2134
2186
2238
2280
2337
2382
2440
2490
2532
2576
2623
2661
2693
2733
2754
2774
2801
2807
2813
2832
2833
2832
2833
2829
2820
2806
2797
2779
2755
2728
2704
2678
2640
2614
2577
2539
2501
2463
2421
2370
2328
2281
2230
2182
2124
2071
2015
1954
1901
1852
1797
1753
1712
1670
1644
1613
1598
1593
1583
1574
1585
1585
1600
1624
1634
1653
1674
1693
1715
1739
1761
1784
1802
1820
1838
1850
1867
1883
1890
1899
1906
1913
1913
1916
1921
1919
1920
1924
1921
1919
1916
1907
1899
1899
1893
1894
1880
1884
1880
1871
1868
1868
1866
1857
1863
1856
1861
1859
1854
1858
1860
1861
1863
1867
1870
1874
1872
1880
1882
1887
1884
1890
1895
1891
1898
1891
1894
1901
1903
1904
1911
1899
1908
1918
1915
1917
1924
1920
1921
1923
1926
1925
1925
1922
1934
1929
1935
1936
1926
1935
1940
1937
1936
1933
1933
1932
1930
1930
1925
1919
1928
1925
1923
1922
1925
1919
1922
1925
1924
1929
1936
1949
1960
1978
2004
2024
2060
2096
2135
2182
2223
2274
2327
2377
2425
2473
2513
2568
2607
2637
2675
2708
2728
2744
2758
2771
2785
2782
2773
2775
2768
2740
2730
2704
2683
2660
2629
2593
2557
2525
2485
2449
2405
2371
2326
2280
2233
2188
2142
2083
2045
1992
1945
1900
1853
1811
1778
1741
1716
1705
1680
1676
1666
1653
1665
1669
1666
1676
1697
1702
1721
1735
1749
1776
1787
1798
1817
1834
1851
1862
1869
1883
1893
1903
1902
1914
1914
1918
1914
1922
1922
1916
1913
1908
1912
1909
1905
1903
1897
1897
1893
1884
1883
1879
1872
1881
1876
1874
1873
1875
1873
1875
1881
1878
1879
1882
1884
1889
1894
1892
1896
1893
1900
1902
1897
1908
1909
1909
1913
1921
1910
1927
1923
1925
1926
1925
1924
1928
1927
1932
1934
1927
1934
1936
1933
1937
1932
1938
1932
1943
1932
1944
1946
1940
1937
1946
1939
1947
1942
1932
1938
1944
1940
1942
1949
1947
1948
1949
1948
1947
1956
1960
1958
1969
1977
1995
2021
2030
2060
2089
2124
2164
2210
2251
2301
2353
2396
2448
2488
2532
2582
2614
2653
2689
2713
2744
2770
2789
2805
2824
2833
2833
2841
2839
2840
2837
2816
2805
2796
2770
2747
2717
2694
2661
2622
2590
2544
2504
2461
2424
2371
2320
2277
2228
2178
2122
2066
2016
1957
1910
1866
1818
1770
1737
1701
1672
1655
1638
1624
1622
1620
1613
1631
1640
1646
1667
1677
1693
1717
1733
1756
1778
1790
1808
1836
1837
1853
1864
1872
1882
1882
1894
1892
1898
1899
1905
1903
1892
1902
1896
1888
1887
1888
1883
1877
1880
1873
1874
1869
1864
1865
1864
1863
1871
1869
1865
1866
1866
1866
1872
1870
1869
1872
1876
1883
1881
1882
1879
1887
1888
1889
1896
1895
1903
1907
1905
1908
1914
1909
1917
1916
1917
1923
1915
1927
1928
1922
1924
1929
1930
1927
1931
1929
1930
1932
1925
1926
1930
1932
1931
1931
1933
1935
1933
1931
1937
1934
1931
1937
1940
1935
1944
1936
1938
1938
1941
1939
1936
1934
1940
1937
1944
1945
1953
1952
1949
1964
1980
1985
2018
2033
2057
2098
2127
2178
2224
2270
2312
2367
2403
2461
2501
2549
2580
2621
2649
2686
2706
2726
2753
2760
2775
2784
2783
2782
2779
2778
2760
2756
2737
2717
2697
2679
2653
2622
2594
2561
2540
2499
2466
2428
2384
2352
2316
2269
2229
2180
2133
2094
2040
1998
1948
1903
1858
1821
1775
1746
1712
1685
1659
1651
1633
1624
1629
1626
1634
1636
1645
1655
1675
1684
1694
1718
1732
1752
1759
1774
1788
1804
1809
1818
1832
1836
1845
1850
1852
1858
1858
1861
1862
1862
1856
1861
1858
1857
1864
1849
1851
1854
1853
1845
1845
1840
1842
1846
1843
1848
1841
1842
1842
1841
1844
1845
1853
1848
1856
1848
1845
1857
1858
1855
1862
1862
1859
1865
1865
1862
1872
1868
1871
1879
1874
1875
1873
1876
1883
1889
1882
1882
1886
1880
1883
1888
1890
1891
1891
1892
1896
1897
1894
1893
1896
1898
1905
1897
1903
1906
1903
1909
1904
1914
1915
1923
1914
1912
1913
1917
1918
1916
1912
1922
1917
1915
1917
1917
1914
1919
1920
1921
1927
1923
1930
1929
1939
1946
1960
1965
1983
2001
2015
2041
2071
2094
2120
2153
2182
2210
2237
2265
2289
2327
2343
2360
2390
2400
2416
2434
2440
2447
2457
2457
2460
2466
2457
2457
2445
2442
2433
2426
2413
2399
2379
2367
2345
2323
2307
2288
2265
2244
2225
2199
2180
2153
2132
2099
2077
2043
2017
1997
1969
1950
1928
1899
1881
1869
1849
1840
1830
1818
1817
1812
1813
1816
1806
1817
1825
1831
1840
1837
1849
1856
1867
1873
1886
1889
1900
1906
1907
1912
1920
1920
1927
1930
1930
1926
1930
1931
1929
1927
1931
1920
1920
1920
1919
1921
1920
1914
1916
1914
1912
1912
1909
1915
1915
1916
1909
1916
1914
1912
1916
1915
1914
1916
1916
1920
1922
1915
1926
1920
1925
1924
1927
1927
1929
1935
1933
1934
1933
1937
1938
1939
1937
1937
1943
1939
1940
1941
1945
1941
1938
1944
1948
1944
1941
1946
1949
1947
1945
1944
1946
1949
1951
1949
1947
1948
1954
1948
1954
1955
1953
1952
1959
1958
1960
1958
1952
1949
1954
1965
1953
1957
1956
1962
1956
1962
1963
1964
1964
1969
1969
1970
1981
1988
1992
2009
2017
2028
2049
2066
2079
2100
2121
2133
2158
2168
2196
2209
2223
2239
2261
2274
2282
2294
2308
2309
2322
2325
2330
2331
2329
2324
2324
2325
2324
2318
2304
2303
2291
2277
2270
2256
2245
2231
2226
2204
2194
2180
2158
2149
2132
2112
2095
2077
2058
2041
2029
2009
2001
1977
1969
1962
1954
1946
1944
1936
1933
1932
1925
1923
1930
1926
1929
1931
1930
1936
1933
1940
1946
1945
1948
1951
1952
1954
1961
1961
1965
1963
1964
1965
1969
1965
1969
1964
1969
1967
1966
1961
1963
1964
1968
1962
1962
1964
1966
1960
1961
1960
1963
1964
1963
1965
1957
1958
1963
1965
1958
1960
1971
1965
1968
1965
1965
1969
1964
1972
1965
1966
1968
1966
1969
1974
1968
1973
1975
1976
1973
1975
1969
1976
1973
1975
1975
1976
1974
1973
1976
1973
1980
1975
1980
1977
1980
1981
1980
1977
1980
1982
1979
1981
1985
1981
1982
1985
1981
1984
1986
1982
1985
1987
1986
1985
1990
1978
1985
1988
1984
1987
1992
1989
1993
1990
1992
1994
1995
1994
1997
1999
2001
2006
2012
2024
2022
2038
2040
2056
2065
2080
2096
2112
2126
2136
2156
2169
2185
2197
2211
2224
2229
2240
2248
2255
2265
2266
2274
2278
2274
2283
2280
2279
2274
2274
2269
2266
2260
2249
2246
2237
2230
2222
2214
2205
2196
2185
2168
2153
2140
2124
2113
2106
2087
2071
2057
2049
2036
2029
2016
2009
2000
1990
1992
1982
1984
1984
1976
1975
1972
1977
1979
1981
1987
1982
1988
1988
1992
1996
1998
2002
2000
2001
1999
2007
1999
2001
2004
2006
2006
2006
2004
1995
2005
2001
1996
2001
1998
1998
1996
1996
1995
1995
1993
1995
1997
1992
1994
1990
1990
1989
1990
1992
1996
1989
1989
1987
1985
1986
1987
1993
1986
1989
1983
1986
1989
1987
1990
1987
1988
1990
1991
1991
1989
1997
1989
1995
1992
1988
1998
1989
1991
1997
1995
1994
1991
1994
2000
1992
1992
1994
1994
2000
1998
1996
1993
1998
2000
1990
1995
1994
1996
1997
2001
1999
2006
2002
1995
1999
2000
1998
2001
1997
1999
1997
1999
2002
2004
2004
2002
2006
2001
2002
2004
2009
2009
2015
2016
2028
2032
2042
2054
2067
2079
2096
2108
2131
2149
2164
2185
2201
2223
2239
2254
2276
2290
2307
2320
2328
2350
2355
2359
2371
2376
2382
2386
2388
2393
2392
2392
2396
2391
2388
2383
2372
2362
2358
2349
2334
2325
2316
2297
2284
2263
2248
2230
2206
2193
2177
2153
2134
2120
2097
2081
2068
2052
2046
2034
2024
2011
2006
1998
1999
1999
1995
1997
2000
1993
2000
2001
2008
2004
2009
2010
2018
2015
2016
2023
2023
2020
2020
2023
2025
2024
2023
2019
2018
2018
2016
2012
2006
2007
2004
2002
2002
1999
1996
2002
1995
1993
1990
1992
1989
1985
1992
1988
1991
1986
1984
1989
1996
1987
1987
1991
1989
1984
1987
1985
1989
1991
1988
1988
1992
1988
1990
1988
1994
1985
1987
1988
1988
1991
1990
1987
1987
1989
1994
1987
1991
1993
1991
1991
1986
1990
1985
1993
1989
1993
1993
1991
1995
1990
1998
1999
1991
2000
1996
1996
1996
1996
1993
1994
2001
1997
2005
1999
1995
2000
1998
1998
2004
2004
1995
2001
1996
1997
1999
2001
2003
2001
1997
1997
1998
1997
2005
2001
2004
2009
2009
2014
2024
2037
2045
2065
2079
2103
2127
2151
2174
2205
2235
2260
2295
2324
2351
2384
2408
2429
2453
2474
2496
2515
2532
2544
2558
2558
2571
2575
2575
2572
2572
2571
2556
2554
2541
2528
2513
2504
2482
2463
2444
2422
2406
2381
2356
2328
2301
2276
2245
2212
2192
2161
2128
2103
2071
2049
2031
2000
1975
1967
1949
1934
1921
1914
1904
1901
1899
1899
1905
1899
1903
1903
1907
1921
1924
1924
1938
1941
1944
1950
1958
1954
1962
1969
1968
1974
1969
1973
1970
1974
1968
1969
1968
1960
1967
1965
1955
1957
1958
1950
1955
1955
1946
1951
1942
1946
1941
1944
1941
1945
1941
1942
1941
1935
1936
1940
1941
1940
1943
1938
1944
1944
1943
1941
1943
1945
1947
1949
1950
1945
1947
1944
1954
1948
1954
1953
1952
1952
1952
1953
1953
1958
1956
1959
1957
1964
1965
1960
1961
1961
1957
1957
1962
1968
1961
1965
1964
1972
1972
1969
1967
1969
1965
1974
1973
1968
1970
1975
1974
1975
1973
1973
1967
1972
1970
1972
1972
1971
1972
1975
1973
1970
1970
1962
1973
1969
1973
1973
1973
1975
1983
1984
1988
1998
2008
2020
2037
2053
2072
2098
2126
2148
2179
2213
2245
2271
2306
2340
2372
2400
2429
2447
2474
2496
2510
2519
2532
2544
2547
2555
2559
2552
2546
2548
2538
2527
2517
2503
2482
2476
2460
2442
2421
2407
2384
2360
2335
2318
2290
2264
2234
2202
2175
2147
2120
2087
2056
2025
2004
1979
1951
1933
1912
1897
1887
1874
1867
1868
1857
1852
1856
1858
1859
1866
1865
1883
1894
1888
1895
1910
1906
1924
1928
1927
1934
1947
1942
1944
1957
1947
1954
1951
1949
1952
1951
1951
1955
1949
1947
1948
1944
1937
1937
1932
1931
1932
1925
1927
1933
1931
1920
1929
1925
1922
1926
1926
1919
1928
1923
1933
1928
1927
1931
1929
1934
1930
1937
1926
1931
1936
1933
1936
1941
1939
1940
1945
1940
1945
1940
1943
1947
1948
1949
1949
1949
1951
1953
1953
1954
1948
1946
1951
1954
1955
1956
1947
1953
1951
1952
1953
1958
1952
1958
1956
1955
1957
1957
1958
1957
1964
1961
1958
1961
1961
1965
1970
1968
1970
1964
1962
1966
1971
1969
1970
1970
1968
1974
1970
1962
1967
1963
1973
1971
1975
1975
1981
1981
1993
2005
2016
2032
2042
2068
2085
2113
2136
2171
2199
2222
2252
2277
2301
2328
2353
2371
2395
2413
2426
2437
2448
2454
2460
2471
2466
2465
2463
2458
2449
2447
2434
2420
2411
2388
2381
2362
2344
2333
2307
2290
2269
2242
2225
2203
2185
2162
2135
2112
2085
2068
2036
2015
1997
1980
1969
1955
1943
1932
1921
1914
1909
1908
1903
1902
1905
1908
1908
1912
1916
1919
1924
1928
1938
1939
1946
1952
1952
1953
1965
1965
1970
1973
1975
1978
1979
1982
1978
1975
1972
1974
1979
1969
1972
1975
1971
1965
1963
1960
1965
1958
1954
1953
1950
1951
1955
1947
1951
1957
1952
1949
1953
1947
1951
1957
1953
1948
1956
1954
1951
1947
1953
1954
1955
1956
1953
1957
1956
1956
1957
1954
1964
1968
1960
1966
1960
1966
1962
1964
1966
1962
1962
1965
1963
1963
1964
1964
1971
1965
1969
1970
1970
1970
1972
1974
1974
1977
1976
1979
1977
1979
1977
1976
1985
1984
1981
1987
1986
1984
1986
1986
1985
1988
1987
1981
1988
1987
1986
1988
1987
1984
1990
1987
1994
1992
1992
1987
1990
1989
1996
1999
2008
2018
2031
2046
2068
2084
2109
2137
2162
2187
2224
2256
2289
2323
2355
2392
2417
2444
2466
2495
2515
2528
2548
2559
2577
2582
2587
2599
2600
2599
2598
2600
2592
2581
2576
2566
2554
2534
2520
2507
2493
2472
2453
2438
2404
2385
2353
2326
2299
2269
2235
2209
2169
2130
2107
2076
2044
2019
1992
1974
1947
1927
1914
1897
1890
1882
1878
1876
1874
1876
1874
1879
1886
1893
1895
1907
1908
1917
1924
1933
1934
1942
1946
1952
1953
1952
1962
1963
1964
1966
1962
1961
1968
1959
1959
1958
1955
1956
1949
1947
1949
1944
1943
1938
1946
1941
1941
1941
1936
1933
1939
1929
1936
1931
1937
1932
1937
1932
1936
1932
1933
1939
1938
1939
1942
1942
1941
1946
1948
1945
1953
1954
1954
1958
1957
1955
1958
1963
1961
1964
1958
1965
1959
1965
1962
1965
1966
1958
1957
1965
1961
1959
1960
1957
1956
1962
1961
1955
1956
1959
1956
1962
1961
1961
1966
1962
1964
1967
1970
1971
1971
1977
1969
1977
1978
1978
1986
1985
1982
1987
1986
1991
1990
1984
1984
1986
1986
1987
1983
1984
1983
1987
1986
1994
2001
2002
2015
2032
2047
2066
2095
2121
2148
2189
2226
2266
2309
2352
2393
2441
2478
2520
2565
2599
2634
2666
2682
2707
2729
2746
2761
2773
2776
2780
2784
2781
2785
2772
2762
2756
2740
2726
2708
2681
2666
2632
2607
2578
2551
2530
2495
2457
2422
2384
2346
2294
2248
2206
2164
2117
2073
2020
1992
1938
1908
1873
1839
1814
1792
1777
1763
1761
1753
1755
1759
1762
1766
1778
1784
1795
1811
1820
1840
1848
1856
1869
1882
1890
1898
1907
1911
1916
1919
1920
1931
1928
1932
1930
1928
1926
1923
1914
1918
1912
1908
1905
1905
1903
1895
1893
1889
1889
1890
1883
1882
1886
1885
1887
1889
1880
1885
1888
1886
1892
1887
1891
1897
1896
1901
1906
1906
1910
1910
1911
1917
1919
1920
1922
1925
1918
1926
1924
1924
1924
1926
1920
1925
1928
1925
1930
1931
1929
1930
1932
1930
1935
1933
1930
1927
1929
1930
1936
1933
1934
1937
1935
1939
1939
1937
1940
1943
1945
1947
1946
1946
1949
1948
1949
1957
1955
1948
1961
1951
1949
1954
1953
1957
1959
1953
1954
1961
1956
1961
1957
1955
1958
1957
1951
1952
1962
1959
1962
1967
1971
1986
2002
2015
2039
2064
2096
2133
2174
2211
2260
2311
2352
2401
2451
2505
2550
2588
2633
2664
2691
2720
2736
2760
2772
2787
2789
2791
2794
2786
2779
2771
2757
2740
2721
2693
2664
2644
2615
2584
2549
2514
2488
2451
2406
2377
2343
2300
2257
2220
2168
2126
2087
2036
1999
1951
1915
1878
1846
1818
1789
1764
1740
1731
1723
1712
1715
1713
1717
1723
1729
1741
1752
1764
1779
1796
1807
1824
1836
1848
1861
1869
1877
1889
1895
1899
1914
1921
1924
1929
1925
1924
1923
1919
1916
1919
1917
1907
1911
1904
1908
1900
1893
1897
1889
1886
1888
1884
1882
1880
1882
1874
1882
1880
1878
1881
1886
1883
1883
1884
1885
1892
1891
1894
1898
1897
1896
1898
1897
1902
1899
1903
1907
1912
1909
1913
1921
1919
1918
1921
1923
1923
1923
1922
1925
1926
1929
1927
1927
1923
1926
1927
1930
1924
1927
1929
1925
1932
1934
1936
1934
1931
1936
1934
1936
1939
1944
1941
1949
1943
1945
1950
1948
1945
1951
1952
1958
1955
1950
1956
1952
1953
1951
1952
1949
1955
1953
1950
1957
1959
1965
1974
1975
1989
2007
2021
2046
2079
2105
2140
2182
2224
2266
2318
2361
2411
2459
2499
2535
2580
2610
2638
2674
2692
2714
2735
2738
2748
2753
2745
2751
2745
2734
2719
2703
2680
2661
2641
2608
2588
2560
2524
2496
2459
2427
2397
2354
2315
2277
2239
2197
2159
2120
2078
2037
1991
1956
1917
1889
1854
1825
1800
1783
1767
1749
1741
1741
1738
1742
1743
1745
1759
1768
1781
1794
1804
1813
1833
1839
1858
1870
1876
1888
1889
1898
1906
1901
1908
1915
1921
1914
1920
1916
1909
1919
1918
1912
1914
1904
1903
1904
1898
1895
1897
1896
1892
1893
1891
1888
1889
1893
1883
1894
1889
1891
1894
1891
1890
1897
1895
1901
1907
1899
1906
1907
1910
1903
1910
1911
1915
1911
1917
1919
1923
1919
1925
1929
1922
1929
1929
1928
1927
1932
1934
1932
1930
1937
1936
1936
1938
1945
1943
1941
1941
1942
1946
1942
1945
1946
1939
1944
1949
1948
1943
1952
1953
1953
1958
1954
1956
1955
1954
1954
1953
1954
1957
1959
1961
1966
1957
1962
1963
1956
1955
1958
1963
1961
1961
1961
1959
1960
1966
1962
1970
1974
1983
1996
2003
2027
2057
2079
2108
2144
2186
2220
2276
2317
2362
2414
2457
2505
2548
2590
2630
2662
2690
2720
2746
2759
2781
2801
2804
2813
2816
2813
2806
2797
2784
2769
2756
2729
2716
2695
2667
2644
2606
2578
2551
2513
2475
2440
2401
2361
2321
2274
2230
2184
2135
2089
2044
1993
1945
1905
1859
1825
1785
1765
1744
1728
1710
1699
1699
1700
1702
1705
1716
1731
1746
1754
1775
1789
1807
1819
1838
1849
1863
1872
1884
1892
1901
1909
1910
1912
1915
1918
1920
1916
1918
1913
1917
1918
1909
1911
1909
1900
1901
1898
1896
1900
1896
1891
1891
1889
1886
1886
1886
1881
1887
1880
1885
1880
1878
1884
1883
1886
1892
1894
1899
1896
1901
1901
1906
1911
1912
1912
1910
1909
1916
1918
1917
1918
1913
1922
1921
1920
1922
1926
1921
1922
1924
1925
1928
1931
1933
1926
1939
1937
1933
1933
1936
1934
1941
1934
1941
1945
1939
1940
1942
1943
1947
1950
1949
1948
1950
1947
1952
1953
1956
1952
1949
1954
1962
1962
1958
1961
1963
1958
1960
1958
1964
1962
1962
1960
1964
1965
1968
1972
1976
1989
2002
2028
2044
2071
2103
2134
2174
2224
2274
2325
2377
2427
2477
2533
2586
2627
2663
2707
2737
2769
2802
2814
2828
2849
2852
2857
2862
2855
2853
2842
2818
2809
2790
2768
2745
2723
2688
2658
2626
2589
2559
2523
2481
2449
2411
2367
2324
2278
2229
2180
2135
2078
2030
1974
1924
1885
1842
1800
1767
1741
1718
1697
1679
1672
1658
1656
1669
1669
1675
1691
1703
1713
1730
1751
1763
1781
1795
1810
1830
1841
1853
1875
1874
1885
1892
1909
1908
1911
1914
1917
1917
1910
1915
1919
1911
1905
1903
1898
1894
1903
1890
1887
1888
1882
1881
1877
1880
1885
1880
1875
1878
1882
1874
1882
1875
1883
1888
1882
1886
1888
1883
1891
1901
1898
1905
1904
1898
1911
1911
1915
1917
1921
1917
1922
1928
1924
1919
1924
1918
1923
1922
1927
1924
1921
1920
1924
1918
1919
1921
1922
1923
1927
1926
1923
1929
1927
1925
1935
1937
1934
1934
1935
1942
1934
1940
1934
1945
1941
1941
1947
1941
