1958
1961
1965
1965
1970
1978
2058
2241
2442
2514
2421
2243
2070
1955
1909
1927
1982
2027
2046
2029
1989
1946
1914
1905
1906
1921
1937
1939
1947
2022
2216
2417
2470
2357
2158
1979
1873
1843
1883
1959
2025
2044
2017
1971
1927
1903
1897
1906
1923
1933
1940
1954
2028
2220
2426
2494
2388
2193
2017
1914
1875
1901
1960
2016
2036
2017
1976
1937
1914
1911
1913
1924
1938
1947
1950
1952
1979
2122
2356
2523
2504
2341
2143
1997
1923
1907
1937
1993
2032
2034
2007
1963
1931
1913
1909
1915
1924
1941
1951
1956
1951
1966
2070
2286
2480
2508
2363
2163
2009
1926
1903
1925
1975
2020
2035
2021
1985
1953
1930
1921
1923
1933
1946
1957
1960
1959
1964
2022
2189
2383
2461
2380
2208
2050
1955
1918
1928
1976
2027
2049
2042
2014
1978
1952
1943
1939
1944
1956
1964
1973
1983
2065
2232
2382
2395
2287
2133
2005
1928
1910
1938
1997
2045
2058
2034
1996
1967
1946
1940
1945
1956
1965
1969
1975
1993
2085
2261
2417
2437
2328
2173
2043
1966
1945
1970
2010
2044
2050
2032
1999
1972
1954
1948
1946
1953
1963
1968
1970
1972
1987
2081
2275
2457
2501
2399
2234
2094
2005
1966
1969
2002
2037
2049
2032
1997
1964
1944
1938
1941
1945
1949
1958
1961
1964
1969
2030
2211
2447
2569
2505
2322
2135
2007
1943
1935
1965
2006
2034
2030
1995
1957
1929
1916
1914
1916
1929
1940
1952
1956
1950
1962
2064
2290
2518
2569
2439
