1088
1181
1275
1427
1623
1894
2207
2571
2953
3357
3735
3854
3856
3858
3859
3855
3853
3858
3858
3855
3856
3853
3850
3854
3860
3858
3858
3858
3859
3857
3655
3357
3054
2753
2464
2195
1951
1738
1560
1422
1318
1246
1209
1200
1212
1248
1298
1362
1430
1496
1563
1623
1676
1723
1753
1769
1772
1748
1742
1703
1663
1617
1570
1514
1467
1418
1373
1326
1286
1253
1227
1207
1194
1189
1187
1184
1196
1207
1226
1249
1278
1301
1334
1369
1415
1495
1608
1773
1997
2282
2632
3035
3480
3852
3861
3856
3856
3852
3858
3856
3860
3859
3850
3855
3860
3855
3853
3851
3862
3858
3870
3853
3869
3856
3852
3858
3855
3855
3707
3321
2948
2597
2286
2017
1797
1626
1501
1419
1377
1372
1392
1427
1478
1535
1592
1639
1684
1717
1743
1755
1755
1744
1720
1692
1659
1623
1590
1561
1520
1485
1454
1429
1410
1392
1378
1383
1374
1374
1379
1382
1385
1387
1396
1402
1411
1427
1464
1518
1610
1756
1966
2232
2580
2972
3414
3852
3857
3855
3854
3856
3858
3859
3856
3857
3856
3855
3857
3860
3856
3853
3862
3860
3857
3857
3854
3859
3857
3858
3854
3860
3528
3112
2724
2359
2042
1766
1545
1374
1263
1184
1151
1157
1186
1240
1302
1372
1446
1522
1568
1624
1650
1666
1673
1651
1633
1610
1570
1535
1495
1450
1406
1365
1327
1297
1271
1251
1227
1227
1221
1221
1223
1222
1232
1229
1238
1238
1247
1253
1259
1275
1305
1364
1460
1620
1842
2148
2514
2943
3412
3858
3862
3862
3858
3857
3861
3856
3856
3856
3858
3859
3861
3850
3858
3856
3859
3865
3856
3858
3851
3855
3857
3863
3855
3413
2981
2567
2173
1811
1493
1229
1019
862
755
704
692
718
770
848
933
1034
1132
1223
1312
1381
1438
1471
1497
1501
1490
1465
1427
1388
1333
1274
1230
1173
1134
1097
1062
1043
1018
1008
1002
1003
1007
1019
1024
1039
1045
1064
1074
1095
1105
1122
1141
1144
1159
1180
1224
1306
1437
1636
1904
2241
2648
3095
3569
3860
3861
3848
3863
3854
3856
3860
3855
3858
3854
3859
3858
3864
3859
3858
3852
3854
3857
3858
3853
3792
3396
3004
2608
2228
1869
1536
1249
1002
795
631
529
469
463
485
541
623
723
831
948
1059
1168
1264
1343
1412
1455
1485
1499
1490
1467
1430
1386
1331
1272
1218
1160
1105
1053
1003
966
939
921
907
899
897
892
907
921
933
951
970
988
1006
1020
1023
1044
1054
1066
1079
1097
1135
1198
1287
1445
1671
1961
2315
2722
3172
3632
3854
3871
3863
3855
3854
3854
3859
3856
3857
3857
3853
3854
3857
3858
3856
3855
3853
3851
3695
3317
2928
2541
2174
1819
1497
1210
962
753
600
489
418
396
413
463
543
644
758
883
1006
1128
1233
1336
1412
1476
1520
1547
1549
1541
1512
1474
1418
1357
1286
1219
1149
1092
1031
979
936
895
861
839
823
812
811
820
825
835
856
875
903
927
957
979
1003
1026
1045
1066
1084
1109
1128
1157
1206
1293
1412
1585
1831
2134
2499
2909
3339
3781
3858
3855
3856
3856
3858
3855
3857
3857
3866
3856
3856
3854
3858
3855
3856
3864
3859
3857
3574
3190
2800
2419
2054
1712
1409
1151
920
748
616
536
497
509
552
625
718
838
963
1088
1210
1322
1426
1506
1572
1615
1654
1660
1657
1636
1597
1556
1501
1437
1382
1321
1268
1215
1166
1122
1092
1063
1033
1017
1016
1017
1026
1028
1043
1062
1073
1098
1115
1136
1154
1174
1184
1196
1216
1227
1247
1267
1309
1374
1480
1640
1858
2146
2490
2875
3316
3757
3857
3859
3851
3861
3856
3859
3856
3862
3855
3855
3856
3860
3864
3860
3863
3856
3855
3856
3751
3334
2908
2491
2108
1741
1417
1163
942
780
682
630
635
681
764
880
1013
1167
1321
1475
1615
1742
1848
1931
1991
2022
2031
2025
2002
1960
1893
1832
1751
1682
1602
1525
1456
1391
1334
1286
1248
1211
1187
1170
1156
1152
1154
1151
1160
1174
1190
1202
1213
1232
1249
1269
1281
1300
1326
1388
1473
1612
1812
2090
2441
2851
3307
3790
3856
3861
3857
3855
3854
3857
3859
3861
3860
3855
3859
3855
3860
3864
3851
3858
3859
3862
3855
3856
3861
3856
3466
3013
2574
2162
1799
1479
1225
1029
889
809
786
802
853
938
1034
1144
1261
1372
1478
1563
1634
1685
1723
1743
1734
1713
1677
1634
1576
1506
1441
1376
1309
1244
1189
1142
1099
1068
1046
1027
1019
1023
1029
1043
1056
1078
1097
1119
1129
1158
1174
1194
1208
1219
1229
1244
1258
1292
1353
1467
1651
1911
2256
2685
3170
3702
3853
3855
3855
3859
3857
3856
3856
3861
3853
3862
3855
3857
3853
3853
3852
3853
3853
3860
3853
3858
3863
3862
3856
3856
3858
3767
3305
2845
2411
2007
1666
1370
1128
946
823
744
719
733
778
846
932
1028
1121
1216
1300
1368
1425
1471
1496
1506
1494
1472
1427
1389
1335
1283
1226
1172
1120
1076
1038
1004
975
967
957
953
959
964
983
992
1011
1027
1046
1068
1088
1109
1132
1156
1180
1217
1269
1387
1557
1793
2112
2510
2962
3457
3863
3855
3857
3862
3860
3857
3857
3865
3858
3857
3865
3858
3858
3856
3859
3859
3858
3859
3852
3856
3859
3859
3854
3544
3092
2635
2198
1795
1440
1124
870
661
512
422
370
384
424
500
595
711
828
955
1081
1193
1293
1374
1439
1483
1504
1507
1501
1470
1433
1379
1335
1273
1209
1150
1090
1046
1002
969
942
915
898
888
881
881
881
887
899
914
927
940
955
972
985
1005
1022
1056
1106
1182
1312
1502
1764
2094
2497
2950
3429
3864
3860
3858
3859
3860
3856
3857
3855
3858
3855
3856
3853
3857
3856
3855
3854
3859
3858
3855
3857
3528
3085
2641
2222
1830
1473
1160
907
696
546
447
397
396
446
512
622
746
880
1021
1158
1285
1397
1491
1575
1622
1663
1688
1680
1667
1633
1588
1529
1468
1392
1324
1260
1192
1133
1089
1042
1012
998
983
972
963
964
965
977
987
1004
1020
1035
1046
1066
1085
1121
1186
1294
1459
1691
1994
2366
2790
3251
3725
3852
3860
3858
3855
3856
3856
3857
3861
3858
3856
3861
3858
3862
3857
3856
3858
3856
3848
3778
3334
2891
2459
2047
1673
1338
1054
824
655
539
476
466
503
578
681
806
946
1092
1236
1371
1500
1608
1691
1755
1793
1810
1804
1779
1731
1681
1620
1547
1474
1397
1321
1254
1193
1138
1081
1053
1029
1008
999
994
999
1011
1022
1042
1061
1077
1096
1110
1132
1154
1182
1217
1295
1404
1571
1824
2141
2531
2988
3484
3852
3862
3852
3858
3855
3858
3860
3857
3854
3857
3860
3853
3853
3856
3856
3856
3855
3860
3853
3852
3857
3857
3857
3854
3445
2990
2549
2136
1777
1462
1209
1026
893
825
805
831
900
999
1116
1242
1366
1475
1577
1662
1719
1759
1776
1762
1735
1694
1640
1572
1503
1426
1348
1285
1221
1166
1128
1089
1063
1042
1033
1026
1026
1035
1045
1056
1068
1085
1105
1132
1157
1179
1204
1233
1265
1316
1397
1532
1723
1993
2338
2753
3225
3736
3856
3857
3857
3856
3857
3859
3856
3866
3856
3865
3858
3865
3858
3854
3860
3859
3856
3858
3860
3857
3844
3851
3852
3856
3860
3374
2908
2477
2081
1735
1437
1196
1020
904
840
820
845
901
982
1077
1173
1272
1369
1446
1514
1563
1598
1618
1623
1606
1581
1543
1503
1454
1402
1353
1304
1264
1232
1197
1168
1150
1135
1123
1111
1110
1108
1106
1108
1113
1117
1125
1136
1156
1172
1217
1293
1411
1606
1866
2204
2606
3065
3542
3860
3856
3858
3859
3853
3859
3857
3874
3854
3854
3857
3858
3853
3858
3862
3855
3866
3857
3854
3856
3856
3376
2929
2496
2082
1710
1377
1098
877
708
599
540
522
556
633
726
842
970
1100
1233
1352
1459
1546
1610
1666
1692
1694
1691
1673
1643
1613
1568
1522
1472
1415
1362
1311
1262
1221
1188
1147
1127
1114
1101
1086
1071
1073
1066
1063
1066
1076
1089
1114
1158
1235
1362
1552
1817
2144
2549
2993
3466
3856
3858
3859
3854
3857
3860
3857
3858
3854
3857
3860
3860
3858
3852
3860
3847
3857
3857
3852
3575
3146
2709
2288
1892
1526
1207
931
716
552
450
400
398
437
523
630
760
900
1054
1194
1327
1447
1553
1628
1682
1716
1730
1727
1690
1651
1593
1521
1450
1376
1302
1237
1173
1120
1074
1041
1007
990
980
974
973
981
988
993
1005
1022
1037
1057
1076
1093
1110
1130
1160
1204
1281
1402
1586
1850
2189
2604
3066
3561
3861
3862
3856
3855
3862
3861
3856
3863
3853
3857
3857
3856
3857
3860
3858
3854
3858
3859
3857
3856
3852
3767
3341
2906
2485
2086
1726
1399
1121
894
719
600
527
493
506
550
628
723
832
948
1061
1169
1262
1347
1422
1478
1509
1529
1530
1511
1478
1439
1393
1335
1287
1236
1191
1147
1113
1086
1068
1050
1052
1051
1055
1063
1073
1086
1097
1115
1125
1136
1154
1169
1181
1202
1222
1260
1333
1452
1633
1882
2205
2597
3042
3519
3856
3862
3861
3865
3856
3853
3859
3861
3858
3857
3859
3856
3859
3864
3855
3856
3856
3857
3864
3858
3852
3699
3268
2842
2420
2026
1662
1354
1079
869
713
611
563
561
600
670
772
888
1015
1143
1272
1384
1478
1556
1615
1650
1677
1676
1652
1620
1573
1518
1461
1397
1332
1275
1209
1160
1122
1089
1067
1056
1043
1053
1066
1074
1085
1101
1116
1131
1148
1162
1179
1188
1207
1223
1250
1285
1352
1462
1622
1852
2162
2535
2965
3434
3861
3859
3857
3857
3861
3855
3854
3857
3854
3853
3853
3860
3853
3859
3861
3853
3859
3860
3856
3856
3855
3409
2981
2571
2171
1806
1476
1189
961
782
653
584
555
566
612
691
790
905
1028
1153
1273
1370
1460
1538
1593
1629
1652
1657
1648
1627
1596
1556
1509
1458
1406
1352
1302
1255
1205
1164
1134
1107
1087
1071
1064
1065
1063
1068
1079
1090
1104
1121
1133
1150
1169
1186
1205
1244
1289
1368
1483
1670
1914
2237
2616
3047
3510
3856
3856
3854
3857
3857
3854
3863
3870
3863
3860
3862
3855
3857
3852
3851
3858
3860
3856
3852
3853
3405
2956
2519
2099
1717
1380
1097
869
698
589
544
534
588
664
768
899
1040
1185
1329
1461
1581
1679
1758
1812
1845
1858
1849
1828
1786
1735
1666
1603
1540
1473
1406
1350
1294
1244
1207
1170
1133
1110
1093
1079
1066
1062
1061
1060
1065
1074
1085
1100
1118
1140
1185
1253
1373
1547
1794
2108
2489
2922
3387
3838
3864
3860
3856
3856
3856
3860
3857
3856
3858
3861
3873
3861
3853
3853
3860
3853
3857
3725
3276
2814
2379
1960
1573
1230
939
703
534
429
389
395
446
533
648
787
939
1089
1237
1378
1508
1614
1698
1757
1797
1808
1802
1771
1723
1664
1596
1523
1449
1369
1290
1210
1136
1070
1008
961
926
899
884
876
880
882
895
912
929
946
968
986
1014
1042
1068
1122
1198
1310
1485
1727
2047
2441
2894
3398
3862
3854
3857
3853
3858
3861
3856
3855
3857
3857
3859
3862
3857
3863
3856
3856
3859
3857
3856
3861
3855
3857
3624
3170
2728
2306
1911
1551
1240
987
791
653
564
532
544
599
676
776
895
1013
1131
1245
1339
1419
1482
1527
1549
1557
1548
1534
1503
1468
1418
1368
1323
1276
1229
1191
1152
1123
1094
1073
1058
1050
1044
1041
1044
1050
1056
1062
1068
1077
1082
1090
1098
1116
1142
1183
1261
1390
1580
1863
2215
2644
3128
3649
3857
3862
3853
3857
3856
3855
3857
3859
3864
3859
3860
3858
3858
3856
3859
3858
3857
3860
3858
3859
3866
3851
3853
3443
2980
2528
2100
1707
1376
1090
863
699
601
553
562
613
701
814
943
1075
1209
1340
1445
1539
1613
1671
1692
1694
1673
1637
1588
1525
1457
1384
1310
1242
1173
1114
1067
1026
995
972
956
955
964
983
1002
1027
1057
1086
1108
1130
1153
1165
1193
1227
1264
1336
1449
1622
1862
2181
2571
3022
3505
3857
3858
3857
3857
3852
3856
3858
3859
3855
3856
3854
3861
3860
3855
3858
3857
3855
3857
3853
3855
3857
3856
3441
3005
2583
2182
1819
1492
1220
997
830
714
658
635
662
717
803
908
1021
1144
1256
1361
1452
1532
1590
1629
1652
1648
1638
1607
1566
1515
1462
1407
1352
1300
1246
1194
1152
1126
1101
1086
1073
1062
1068
1064
1057
1061
1058
1063
1065
1076
1080
1092
1103
1126
1157
1225
1335
1507
1748
2062
2452
2901
3385
3853
3856
3856
3856
3858
3856
3854
3864
3863
3862
3859
3861
3856
3858
3853
3855
3856
3859
3857
3856
3860
3622
3167
2716
2290
1888
1549
1246
997
811
681
611
582
604
661
748
858
984
1112
1237
1351
1455
1542
1615
1655
1688
1693
1685
1669
1633
1582
1526
1455
1401
1341
1284
1233
1190
1156
1130
1102
1090
1079
1080
1077
1075
1082
1082
1092
1098
1106
1117
1133
1163
1204
1284
1416
1612
1880
2221
2622
3065
3539
3861
3857
3852
3856
3856
3857
3856
3858
3857
3856
3856
3856
3856
3856
3859
3857
3855
3860
3647
3195
2739
2297
1881
1512
1178
904
689
533
436
396
407
465
561
690
843
1006
1166
1321
1462
1582
1695
1776
1831
1866
1870
1855
1825
1781
1711
1652
1594
1531
1456
1396
1333
1275
1217
1172
1133
1097
1067
1045
1028
1010
1001
996
995
1000
998
1002
1020
1044
1091
1168
1288
1475
1749
2093
2509
2981
3481
3859
3859
3850
3844
3856
3857
3857
3861
3857
3854
3858
3854
3859
3858
3857
3856
3855
3861
3856
3860
3858
3446
2988
2537
2116
1735
1404
1118
892
725
620
564
557
593
664
754
866
984
1096
1211
1318
1406
1482
1542
1581
1595
1604
1582
1558
1515
1463
1408
1351
1289
1234
1190
1147
1109
1080
1058
1046
1036
1032
1029
1030
1044
1049
1058
1069
1080
1096
1107
1136
1180
1231
1347
1509
1735
2043
2426
2869
3370
3854
3857
3854
3855
3858
3860
3856
3856
3854
3857
3861
3853
3857
3860
3855
3858
3861
3856
3859
3857
3854
3861
3856
3699
3246
2797
2368
1982
1633
1342
1107
933
816
747
741
766
830
917
1015
1124
1231
1337
1426
1499
1553
1592
1607
1599
1579
1548
1507
1463
1404
1358
1304
1256
1212
1174
1145
1119
1104
1088
1090
1087
1091
1101
1110
1124
1136
1151
1169
1170
1201
1213
1237
1277
1342
1457
1632
1885
2211
2620
3084
3591
3857
3855
3860
3858
3856
3859
3858
3859
3859
3859
3857
3856
3859
3865
3850
3856
3858
3854
3861
3861
3856
3852
3859
3725
3284
2839
2417
2028
1687
1392
1149
958
833
749
713
716
756
822
900
1004
1104
1196
1286
1365
1430
1481
1517
1534
1537
1531
1503
1471
1422
1376
1330
1281
1229
1190
1153
1119
1092
1077
1066
1061
1060
1065
1058
1080
1091
1109
1117
1133
1145
1165
1189
1234
1308
1431
1624
1892
2238
2648
3116
3603
3854
3857
3859
3857
3857
3864
3859
3865
3857
3856
3858
3860
3863
3860
3857
3857
3858
3860
3857
3856
3685
3242
2805
2372
1974
1605
1287
1013
794
633
528
470
461
504
583
685
793
933
1068
1202
1311
1421
1505
1575
1623
1645
1651
1638
1612
1576
1527
1477
1414
1361
1303
1254
1195
1159
1118
1093
1064
1051
1033
1015
1005
995
990
991
999
1009
1028
1064
1127
1232
1397
1622
1931
2305
2728
3189
3667
3857
3858
3860
3855
3856
3858
3856
3862
3857
3863
3853
3852
3861
3862
3857
3856
3853
3541
3105
2663
2238
1839
1474
1155
877
671
511
406
358
363
413
507
625
770
927
1083
1238
1386
1517
1627
1711
1771
1809
1818
1802
1775
1724
1667
1602
1530
1454
1382
1302
1230
1162
1108
1058
1019
987
962
956
939
947
952
960
970
991
1016
1045
1089
1154
1250
1398
1605
1883
2230
2641
3094
3580
3857
3858
3860
3860
3851
3856
3860
3859
3859
3856
3859
3862
3856
3857
3858
3857
3859
3856
3854
3511
3065
2628
2209
1830
1476
1172
927
733
598
517
489
511
574
668
781
920
1058
1195
1322
1441
1536
1621
1681
1719
1738
1727
1702
1669
1617
1554
1485
1416
1353
1282
1223
1171
1121
1087
1057
1035
1028
1020
1023
1026
1034
1042
1053
1064
1082
1106
1140
1207
1307
1474
1706
2021
2416
2875
3365
3854
3858
3856
3858
3858
3854
3856
3860
3856
3869
3858
3858
3859
3858
3857
3860
3856
3858
3859
3857
3854
3856
3860
3856
3423
2982
2547
2141
1770
1457
1195
997
846
761
723
728
778
856
952
1060
1173
1285
1379
1461
1532
1574
1599
1605
1589
1561
1527
1481
1425
1364
1306
1253
1202
1155
1118
1080
1054
1040
1024
1016
1014
1016
1025
1036
1037
1047
1065
1081
1101
1135
1190
1283
1436
1655
1958
2341
2809
3315
3837
3855
3853
3860
3863
3862
3856
3861
3860
3858
3864
3858
3858
3854
3852
3860
3861
3856
3857
3860
3865
3856
3858
3857
3859
3860
3446
3002
2569
2168
1802
1484
1224
1025
879
789
737
736
766
817
879
962
1047
1129
1204
1268
1325
1357
1382
1391
1388
1371
1342
1309
1276
1240
1207
1187
1168
1140
1131
1124
1119
1119
1119
1122
1128
1129
1137
1137
1141
1145
1144
1151
1172
1197
1246
1336
1483
1699
1995
2369
2817
3310
3826
3857
3859
3858
3860
3856
3855
3870
3863
3854
3857
3856
3862
3858
3858
3860
3859
3859
3858
3852
3854
3859
3854
3850
3389
2945
2502
2091
1709
1371
1079
840
657
530
465
440
458
514
597
697
809
932
1034
1134
1225
1301
1359
1399
1418
1425
1411
1392
1356
1311
1267
1227
1184
1145
1108
1074
1055
1033
1010
1010
1009
1012
1021
1032
1049
1068
1089
1111
1135
1150
1167
1184
1202
1236
1289
1375
1525
1739
2027
2393
2816
3287
3766
3857
3858
3853
3856
3860
3862
3859
3860
3858
3867
3864
3858
3858
3857
3856
3860
3857
3857
3863
3508
3110
2713
2322
1954
1608
1296
1027
798
622
487
412
372
377
419
486
580
681
815
934
1051
1161
1249
1327
1386
1427
1442
1458
1458
1432
1404
1363
1319
1268
1218
1167
1132
1096
1069
1049
1024
1015
1008
1007
1013
1010
1016
1026
1037
1052
1067
1079
1088
1103
1113
1121
1130
1136
1149
1181
1229
1328
1469
1673
1948
2288
2694
3139
3602
3858
3859
3860
3860
3867
3855
3854
3856
3864
3855
3848
3859
3858
3856
3861
3857
3856
3856
3425
3008
2598
2195
1813
1470
1157
895
683
524
416
356
343
374
434
533
656
788
937
1079
1215
1337
1449
1533
1598
1640
1660
1669
1650
1613
1569
1511
1450
1386
1323
1273
1214
1162
1120
1083
1050
1026
1013
1002
998
1001
1007
1014
1021
1034
1049
1060
1072
1085
1090
1096
1102
1120
1143
1194
1282
1423
1632
1907
2253
2656
3095
3560
3858
3856
3857
3868
3849
3853
3858
3854
3861
3862
3857
3860
3859
3857
3856
3858
3861
3856
3609
3181
2747
2341
1945
1590
1285
1023
819
672
574
540
555
612
701
821
954
1092
1234
1371
1486
1594
1673
1733
1768
1780
1771
1741
1704
1651
1598
1533
1469
1410
1350
1300
1254
1222
1188
1164
1152
1138
1136
1129
1128
1128
1126
1135
1132
1136
1137
1143
1153
1156
1165
1179
1221
1271
1366
1512
1725
2013
2377
2810
3293
3805
3856
3860
3859
3857
3858
3858
3858
3852
3862
3853
3862
3857
3855
3860
3862
3860
3866
3858
3860
3857
3856
3857
3713
3250
2794
2370
1980
1642
1364
1146
994
887
844
861
897
972
1076
1181
1294
1404
1504
1588
1660
1703
1737
1750
1743
1714
1685
1634
1579
1523
1459
1391
1336
1281
1228
1180
1145
1110
1093
1080
1065
1061
1054
1056
1074
1087
1101
1114
1125
1144
1158
1176
1189
1214
1255
1317
1433
1605
1858
2199
2628
3111
3650
3861
3865
3856
3863
3858
3859
3854
3856
3860
3860
3856
3862
3857
3857
3855
3861
3869
3861
3864
3853
3858
3857
3856
3855
3857
3547
3072
2609
2189
1816
1492
1229
1028
883
796
757
768
802
861
942
1031
1133
1223
1309
1382
1437
1478
1505
1512
1503
1487
1456
1410
1362
1309
1261
1214
1170
1128
1093
1068
1047
1027
1027
1022
1023
1026
1035
1050
1062
1076
1086
1096
1107
1117
1125
1132
1145
1167
1213
1300
1456
1675
1993
2386
2849
3364
3856
3861
3861
3860
3857
3859
3860
3857
3860
3857
3854
3858
3863
3858
3858
3859
3855
3859
3857
3860
3856
3856
3856
3431
2949
2484
2046
1652
1301
1010
785
616
501
451
438
477
548
642
754
881
1003
1121
1229
1324
1404
1465
1505
1529
1533
1516
1489
1446
1393
1333
1267
1209
1144
1087
1037
997
960
935
920
913
903
904
906
914
923
931
946
963
981
993
1008
1021
1037
1065
1098
1156
1254
1411
1631
1929
2305
2743
3230
3739
3853
3856
3861
3858
3856
3857
3859
3858
3860
3862
3857
3852
3856
3861
3858
3862
3861
3856
3851
3864
3543
3086
2637
2211
1811
1449
1135
872
674
510
424
390
389
435
525
634
761
902
1039
1167
1288
1393
1478
1545
1587
1609
1614
1607
1589
1551
1504
1446
1388
1326
1266
1210
1165
1122
1092
1055
1024
1002
991
976
975
976
977
986
1001
1016
1030
1044
1055
1073
1089
1105
1133
1170
1232
1340
1500
1734
2049
2430
2867
3336
3818
3850
3859
3858
3861
3856
3858
3856
3857
3856
3857
3859
3868
3864
3859
3859
3861
3862
3860
3856
3632
3188
2739
2310
1914
1552
1244
992
792
654
574
553
567
623
708
827
952
1088
1222
1345
1458
1552
1632
1689
1729
1746
1749
1739
1704
1669
1617
1561
1505
1447
1392
1347
1296
1261
1227
1197
1172
1150
1141
1136
1131
1142
1153
1155
1166
1174
1176
1188
1196
1205
1228
1265
1334
1456
1638
1892
2213
2615
3055
3546
3853
3856
3860
3858
3857
3858
3868
3858
3858
3860
3854
3861
3855
3853
3859
3851
3861
3866
3856
3856
3862
3536
3080
2647
2235
1855
1531
1268
1058
911
824
785
795
845
935
1037
1161
1287
1412
1524
1623
1705
1772
1814
1838
1841
1829
1801
1761
1712
1665
1606
1550
1493
1439
1383
1331
1287
1250
1223
1211
1201
1202
1201
1201
1203
1208
1217
1219
1227
1243
1253
1263
1278
1297
1328
1373
1459
1598
1804
2095
2461
2902
3387
3857
3851
3863
3858
3856
3862
3857
3852
3860
3865
3853
3858
3857
3858
3857
3861
3857
3860
3857
3851
3852
3860
3857
3858
3856
3851
3642
3190
2760
2369
2025
1728
1487
1305
1180
1104
1073
1079
1109
1157
1223
1286
1354
1419
1466
1501
1536
1543
1539
1526
1495
1460
1415
1372
1331
1286
1252
1218
1189
1181
1167
1161
1156
1159
1170
1180
1198
1222
1233
1248
1267
1285
1308
1307
1322
1335
1360
1403
1487
1624
1833
2111
2474
2904
3386
3854
3858
3858
3856
3867
3869
3859
3862
3857
3869
3859
3860
3859
3856
3857
3854
3857
3862
3857
3858
3856
3857
3853
3868
3607
3164
2721
2306
1925
1588
1304
1079
915
797
740
721
749
807
883
978
1081
1177
1284
1383
1466
1530
1579
1609
1619
1616
1587
1563
1523
1472
1414
1364
1311
1268
1226
1199
1178
1158
1141
1133
1136
1136
1142
1144
1153
1162
1174
1178
1188
1196
1206
1225
1262
1312
1401
1534
1732
2001
2340
2732
3180
3639
3857
3861
3858
3860
3859
3868
3872
3863
3863
3860
3865
3856
3860
3854
3859
3860
3856
3860
3857
3690
3288
2873
2469
2080
1721
1399
1127
895
719
601
532
504
534
586
670
787
914
1045
1175
1302
1408
1505
1575
1623
1660
1662
1656
1637
1597
1546
1488
1428
1368
1308
1251
1192
1152
1108
1067
1043
1016
1002
992
995
996
1005
1012
1008
1028
1041
1056
1076
1099
1136
1192
1282
1412
1600
1859
2182
2557
2976
3413
3842
3867
3857
3857
3860
3856
3858
3860
