2040
2047
2040
2037
2045
2044
2047
2049
2052
2055
2059
2058
2064
2068
2070
2074
2071
2073
2076
2072
2074
2081
2072
2078
2080
2077
2075
2076
2072
2075
2066
2068
2065
2062
2057
2060
2052
2052
2053
2048
2049
2047
2042
2044
2039
2035
2034
2031
2024
2025
2022
2020
2015
2013
2011
2010
2001
2005
2005
2000
2001
1998
1992
1994
1990
1990
1989
1986
1986
1984
1978
1978
1983
1974
1976
1970
1968
1968
1966
1962
1963
1959
1960
1959
1957
1952
1957
1946
1948
1942
1941
1939
1937
1930
1937
1928
1925
1930
1926
1920
1927
1921
1914
1919
1914
1906
1910
1904
1904
1900
1896
1895
1893
1886
1887
1885
1880
1880
1881
1875
1877
1874
1871
1872
1871
1872
1870
1865
1868
1871
1863
1860
1857
1854
1857
1853
1849
1854
1842
1843
1839
1838
1836
1834
1829
1831
1824
1823
1821
1818
1814
1819
1812
1810
1811
1812
1803
1812
1807
1802
1809
1806
1796
1803
1798
1801
1802
1799
1799
1800
1794
1800
1800
1802
1802
1802
1804
1805
1806
1805
1809
1812
1809
1815
1819
1814
1823
1822
1819
1825
1825
1823
1830
1829
1828
1833
1832
1834
1835
1837
1842
1843
1846
1846
1852
1844
1850
1849
1852
1854
1856
1853
1858
1852
1867
1856
1860
1861
1858
1860
1861
1862
1866
1859
1865
1867
1862
1865
1865
1863
1868
1864
1869
1869
1868
1872
1872
1868
1877
1876
1873
1879
1884
1888
1892
1895
1899
1905
1909
1915
1920
1923
1935
1943
1952
1963
1967
1980
1991
1998
2012
2031
2032
2049
2058
2071
2083
2096
2108
2125
2130
2147
2164
2173
2187
2202
2214
2235
2239
2247
2266
2277
2280
2298
2307
2320
2328
2334
2345
2352
2352
2367
2372
2378
2386
2389
2397
2401
2401
2410
2416
2415
2417
2418
2421
2422
2421
2420
2420
2416
2416
2418
2411
2409
2415
2401
2400
2395
2390
2391
2386
2376
2380
2368
2365
2357
2348
2346
2344
2335
2332
2321
2319
2309
2309
2297
2295
2287
2283
2280
2267
2265
2263
2255
2252
2243
2239
2239
2231
2224
2222
2214
2214
2209
2208
2202
2201
2192
2190
2192
2180
2178
2172
2171
2165
2164
2157
2153
2154
2144
2140
2139
2129
2129
2123
2117
2116
2113
2107
2109
2103
2099
2093
2090
2086
2081
2076
2073
2068
2068
2059
2060
2054
2053
2052
2051
2046
2049
2041
2038
2036
2037
2027
2029
2025
2032
2016
2022
2022
2016
2018
2020
2014
2020
2019
2016
2019
2021
2017
2021
2023
2023
2019
2025
2028
2023
2028
2029
2020
2030
2031
2026
2032
2030
2036
2033
2037
2030
2039
2037
2037
2037
2040
2037
2040
2037
2037
2036
2041
2035
2040
2038
2040
2032
2043
2038
2035
2045
2038
2027
2041
2031
2027
2032
2027
2020
2025
2021
2018
2020
2018
2011
2016
2016
2011
2009
2008
2005
2005
2004
2002
2001
2004
1999
1997
1999
1993
1992
1994
1988
1987
1989
1981
1983
1984
1977
1975
1976
1968
1974
1966
1963
1964
1961
1951
1964
1954
1947
1956
1951
1944
1946
1941
1945
1942
1940
1938
1939
1928
1935
1929
1932
1929
1924
1926
1933
1924
1927
1921
1921
1926
1919
1921
1921
1915
1918
1918
1920
1918
1918
1917
1912
1917
1924
1917
1916
1915
1913
1917
1913
1912
1911
1907
1916
1909
1908
1910
1905
1912
1911
1907
1908
1910
1906
1910
1908
1910
1909
1910
1906
1911
1908
1910
1909
1913
1908
1910
1908
1906
1904
1905
1904
1905
1900
1904
1901
1900
1898
1899
1896
1901
1898
1897
1899
1900
1894
1898
1898
1894
1899
1902
1898
1895
1900
1893
1892
1891
1889
1892
1889
1886
1888
1886
1886
1887
1888
1885
1890
1885
1889
1892
1885
1884
1886
1881
1892
1880
1882
1880
1881
1877
1880
1874
1876
1874
1865
1871
1869
1865
1866
1859
1861
1859
1856
1855
1856
1850
1852
1851
1847
1850
1851
1844
1848
1845
1843
1843
1850
1845
1848
1850
1846
1850
1849
1848
1852
1853
1855
1862
1859
1865
1873
1877
1882
1894
1892
1904
1908
1916
1925
1934
1938
1952
1960
1971
1980
1994
2001
2020
2027
2037
2053
2065
2066
2094
2097
2103
2121
2133
2146
2157
2168
2184
2193
2206
2216
2232
2240
2253
2263
2273
2284
2296
2296
2314
2321
2330
2337
2341
2349
2357
2356
2362
2365
2362
2369
2371
2367
2371
2376
2364
2373
2370
2372
2374
2368
2364
2364
2354
2361
2350
2341
2341
2339
2329
2330
2319
2319
2313
2304
2300
2296
2281
2285
2278
2274
2263
2258
2252
2249
2238
2235
2230
2221
2219
2214
2199
2200
2196
2189
2188
2181
2174
2172
2165
2162
2162
2152
2149
2149
2141
2136
2136
2126
2125
2121
2114
2112
2107
2100
2102
2094
2086
2086
2082
2076
2076
2067
2067
2062
2052
2053
2052
2046
2047
2037
2039
2039
2025
2030
2033
2024
2023
2016
2015
2015
2006
2006
2001
1997
2001
1994
1992
1991
1989
1983
1985
1986
1985
1983
1989
1982
1983
1989
1986
1982
1987
1982
1988
1987
1993
1985
1986
1987
1984
1984
1992
1983
1988
1986
1988
1990
1989
1988
1996
1993
1994
1998
1994
1996
2001
1996
2000
1998
1997
2003
2002
1997
2000
1998
1999
1999
1999
1998
1996
1999
2001
1990
1996
1999
1996
1999
1993
1995
1993
1990
1986
1993
1986
1987
1987
1982
1980
1983
1974
1979
1976
1977
1973
1980
1968
1969
1964
1959
1959
1957
1947
1959
1948
1938
1943
1943
1937
1937
1930
1935
1931
1924
1928
1925
1925
1927
1918
1927
1929
1922
1922
1917
1916
1915
1913
1911
1914
1909
1908
1908
1905
1903
1914
1905
1906
1902
1900
1901
1898
1890
1897
1890
1888
1893
1888
1882
1892
1881
1878
1882
1884
1881
1882
1877
1877
1874
1867
1869
1871
1869
1871
1862
1868
1866
1856
1862
1870
1859
1866
1862
1861
1863
1860
1862
1866
1859
1863
1862
1860
1869
1863
1857
1866
1866
1867
1868
1862
1867
1863
1867
1868
1868
1869
1872
1870
1873
1870
1873
1875
1874
1877
1879
1870
1884
1879
1881
1882
1883
1885
1888
1890
1895
1887
1893
1887
1886
1884
1883
1888
1883
1880
1884
1878
1882
1880
1876
1882
1881
1883
1885
1877
1884
1891
1886
1888
1888
1889
1896
1889
1889
1892
1887
1889
1896
1887
1888
1887
1885
1891
1887
1888
1886
1888
1885
1887
1885
1890
1886
1886
1882
1885
1888
1886
1884
1891
1883
1890
1888
1887
1900
1894
1888
1899
1896
1904
1903
1904
1912
1918
1916
1930
1933
1934
1949
1956
1957
1973
1982
1989
2000
2012
2016
2032
2045
2052
2071
2081
2095
2107
2120
2123
2145
2158
2167
2184
2198
2205
2221
2233
2242
2257
2271
2278
2294
2297
2312
2321
2325
2334
2347
2344
2359
2363
2364
2371
2378
2375
2381
2388
2383
2384
2383
2381
2382
2379
2381
2376
2371
2378
2372
2359
2366
2359
2360
2357
2352
2350
2347
2336
2343
2332
2332
2333
2316
2321
2313
2309
2302
2294
2295
2285
2279
2276
2265
2267
2259
2259
2259
2250
2247
2244
2239
2235
2222
2225
2216
2216
2208
2207
2201
2190
2191
2187
2180
2183
2173
2174
2166
2159
2158
2154
2148
2145
2141
2141
2132
2134
2124
2127
2117
2113
2110
2104
2102
2100
2090
2090
2085
2085
2082
2074
2076
2075
2069
2068
2064
2061
2060
2053
2054
2049
2051
2041
2055
2046
2047
2044
2045
2040
2043
2039
2037
2037
2032
2030
2031
2025
2029
2016
2029
2018
2026
2029
2024
2027
2025
2025
2027
2016
2025
2021
2026
2023
2026
2029
2024
2029
2032
2029
2030
2027
2041
2030
2034
2033
2036
2037
2031
2035
2036
2036
2043
2036
2039
2038
2032
2037
2031
2033
2032
2027
2032
2027
2031
2037
2028
2035
2028
2031
2027
2024
2022
2020
2017
2018
2010
2013
2005
2010
2004
2005
2003
2005
1993
1998
2001
1995
1991
1990
1985
1990
1978
1979
1972
1971
1972
1969
1961
1967
1961
1955
1961
1957
1950
1957
1952
1945
1951
1947
1949
1945
1943
1943
1940
1930
1937
1932
1933
1932
1921
1926
1926
1923
1927
1923
1921
1919
1918
1914
1913
1911
1911
1907
1909
1897
1904
1905
1901
1900
1899
1897
1900
1895
1902
1895
1895
1893
1889
1890
1888
1889
1893
1887
1893
1886
1888
1884
1877
1882
1881
1882
1883
1883
1887
1878
1885
1891
1885
1889
1885
1888
1886
1883
1895
1887
1886
1887
1880
1887
1882
1889
1893
1890
1893
1890
1891
1893
1887
1901
1888
1890
1889
1886
1889
1891
1890
1895
1886
1897
1901
1897
1895
1896
1893
1901
1890
1896
1893
1891
1895
1893
1886
1892
1890
1893
1892
1890
1893
1893
1894
1898
1891
1897
1904
1897
1898
1899
1900
1899
1894
1897
1895
1894
1895
1893
1896
1888
1892
1899
1893
1895
1895
1896
1894
1888
1895
1889
1891
1888
1882
1889
1889
1887
1892
1886
1891
1887
1890
1895
1891
1893
1894
1892
1897
1893
1903
1904
1910
1916
1917
1925
1929
1938
1943
1947
1957
1960
1976
1979
1996
2007
2012
2028
2040
2053
2070
2076
2095
2105
2116
2131
2144
2158
2161
2186
2197
2213
2225
2233
2252
2265
2280
2289
2302
2315
2322
2335
2342
2356
2353
2372
2369
2386
2387
2401
2402
2411
2416
2418
2419
2423
2422
2425
2423
2426
2422
2424
2420
2419
2422
2417
2411
2412
2405
2406
2397
2397
2398
2391
2389
2384
2380
2374
2366
2365
2359
2355
2347
2343
2344
2333
2326
2318
2314
2306
2297
2294
2289
2282
2281
2275
2271
2261
2261
2252
2250
2242
2237
2232
2228
2221
2219
2209
2210
2205
2201
2194
2190
2184
2178
2176
2171
2158
2161
2155
2153
2148
2145
2141
2136
2134
2133
2123
2124
2124
2118
2116
2111
2105
2109
2099
2096
2095
2090
2091
2086
2077
2083
2076
2072
2069
2066
2066
2057
2061
2055
2053
2053
2050
2048
2047
2038
2041
2038
2039
2036
2040
2036
2038
2034
2034
2031
2034
2031
2035
2032
2033
2033
2032
2033
2032
2033
2035
2033
2037
2036
2039
2037
2038
2040
2043
2043
2046
2047
2051
2046
2053
2052
2055
2057
2057
2058
2060
2059
2063
2060
2061
2061
2059
2061
2060
2064
2062
2062
2060
2060
2061
2064
2057
2060
2057
2057
2052
2051
2046
2045
2044
2044
2039
2038
2032
2033
2031
2032
2025
2027
2016
2017
2010
2006
2004
2000
1997
1996
1993
1990
1986
1987
1979
1981
1976
1971
1970
1969
1967
1963
1962
1962
1960
1957
1956
1955
1952
1947
1947
1944
1944
1941
1942
1941
1935
1937
1936
1933
1935
1932
1932
1928
1928
1925
1924
1916
1917
1914
1914
1910
1911
1907
1908
1904
1908
1901
1905
1902
1900
1897
1898
1893
1894
1890
1892
1892
1889
1889
1891
1885
1886
1885
1884
1889
1885
1884
1887
1882
1887
1885
1889
1891
1891
1893
1892
1891
1892
1892
1894
1893
1893
1896
1894
1896
1892
1897
1898
1900
1901
1901
1902
1905
1902
1906
1904
1907
1905
1907
1907
1910
1908
1915
1913
1915
1913
1916
1913
1916
1916
1919
1915
1913
1916
1914
1913
1914
1911
1917
1914
1912
1914
1915
1915
1917
1914
1918
1916
1918
1921
1918
1922
1922
1925
1925
1925
1925
1925
1923
1928
1928
1930
1928
1931
1932
1929
1934
1937
1937
1941
1939
1941
1940
1942
1941
1943
1939
1945
1942
1944
1946
1949
1947
1951
1950
1955
1954
1959
1960
1965
1966
1973
1970
1980
1987
1991
1998
2006
2012
2023
2027
2040
2050
2056
2068
2078
2088
2102
2112
2123
2141
2151
2161
2177
2189
2201
2213
2227
2238
2248
2263
2272
2288
2297
2309
2320
2335
2342
2353
2361
2369
2378
2389
2389
2406
2405
2412
2416
2425
2428
2435
2437
2444
2443
2447
2446
2450
2447
2451
2445
2445
2445
2443
2441
2436
2435
2433
2427
2424
2418
2413
2412
2406
2400
2396
2391
2385
2378
2373
2369
2362
2356
2350
2341
2336
2328
2322
2316
2308
2303
2295
2290
2285
2282
2274
2273
2264
2266
2253
2254
2247
2246
2238
2234
2226
2229
2216
2215
2209
2201
2197
2192
2185
2181
2175
2172
2162
2159
2152
2148
2141
2135
2131
2128
2124
2116
2112
2107
2101
2100
2092
2090
2084
2082
2079
2074
2070
2066
2059
2057
2053
2052
2051
2045
2045
2043
2039
2039
2040
2036
2038
2034
2037
2035
2036
2033
2038
2033
2037
2038
2037
2036
2038
2035
2038
2036
2039
2037
2042
2039
2045
2044
2045
2046
2047
2044
2049
2048
2050
2050
2050
2049
2053
2052
2054
2053
2054
2053
2057
2058
2056
2057
2058
2057
2060
2063
2060
2061
2060
2060
2061
2059
2056
2057
2055
2053
2053
2054
2046
2049
2047
2049
2045
2045
2038
2040
2037
2034
2030
2026
2025
2025
2021
2022
2016
2022
2016
2020
2020
2016
2014
2013
2008
2011
2004
2003
1999
1997
1991
1991
1986
1987
1982
1983
1980
1979
1975
1976
1970
1970
1966
1965
1964
1961
1961
1961
1959
1955
1958
1952
1951
1950
1944
1944
1940
1938
1935
1932
1933
1928
1932
1927
1922
1922
1921
1917
1923
1915
1917
1913
1912
1912
1911
1906
1910
1908
1909
1906
1905
1902
1902
1901
1898
1897
1896
1893
1894
1892
1892
1889
1891
1887
1885
1884
1886
1880
1884
1879
1882
1883
1880
1880
1883
1880
1878
1879
1876
1878
1876
1875
1876
1874
1871
1872
1870
1868
1868
1870
1870
1872
1870
1872
1869
1872
1868
1869
1866
1869
1865
1868
1866
1866
1868
1872
1868
1872
1872
1870
1869
1875
1869
1873
1872
1871
1870
1876
1869
1873
1873
1872
1871
1874
1871
1875
1872
1872
1873
1872
1873
1875
1872
1875
1877
1876
1875
1874
1878
1874
1874
1875
1876
1876
1875
1874
1878
1874
1878
1876
1878
1880
1879
1878
1881
1878
1882
1883
1886
1884
1892
1890
1894
1898
1905
1907
1918
1920
1925
1933
1939
1944
1954
1961
1972
1981
1994
2001
2015
2023
2035
2046
2061
2073
2086
2101
2114
2129
2143
2155
2170
2189
2200
2218
2231
2244
2259
2272
2284
2300
2309
2322
2332
2344
2351
2365
2375
2385
2392
2402
2410
2417
2422
2429
2431
2436
2438
2441
2441
2446
2443
2445
2445
2447
2445
2450
2449
2446
2445
2444
2434
2434
2427
2426
2420
2415
2411
2407
2400
2396
2389
2386
2380
2376
2371
2362
2356
2352
2343
2339
2333
2328
2324
2320
2313
2307
2302
2295
2291
2287
2281
2274
2274
2266
2263
2257
2254
2249
2246
2237
2237
2229
2228
2221
2220
2211
2211
2205
2203
2194
2194
2185
2185
2181
2177
2172
2171
2160
2160
2151
2146
2143
2137
2132
2130
2122
2119
2114
2109
2102
2100
2095
2091
2084
2079
2075
2068
2065
2060
2056
2049
2049
2047
2037
2034
2033
2026
2027
2021
2016
2016
2014
2006
2009
2007
2007
2006
2008
2004
2007
2005
2006
2002
2005
2001
2006
2003
2004
2003
2005
1999
2005
2005
2008
2007
2010
2005
2009
2004
2007
2006
2007
2005
2008
2006
2007
2008
2006
2007
2009
2004
2010
2007
2008
2011
2010
2008
2013
2010
2009
2012
2010
2008
2005
2008
2002
2002
2001
1999
1996
1997
1991
1991
1990
1989
1986
1989
1984
1985
1982
1982
1977
1982
1974
1976
1972
1973
1968
1970
1963
1972
1966
1968
1965
1965
1960
1961
1958
1960
1954
1954
1951
1950
1951
1947
1944
1946
1936
1937
1936
1933
1931
1932
1927
1930
1926
1921
1925
1924
1921
1918
1917
1915
1914
1908
1909
1909
1909
1908
1905
1905
1904
1901
1906
1903
1905
1905
1909
1902
1903
1901
1902
1902
1904
1901
1907
1905
1909
1908
1909
1907
1913
1911
1913
1912
1914
1910
1915
1913
1916
1914
1918
1917
1922
1921
1924
1925
1925
1929
1931
1932
1933
1932
1936
1934
1937
1940
1940
1942
1943
1942
1941
1946
1945
1946
1947
1950
1946
1948
1946
1949
1946
1949
1946
1949
1947
1946
1946
1945
1943
1947
1940
1946
1943
1942
1942
1946
1941
1945
1943
1946
1945
1946
1944
1945
1942
1946
1943
1942
1944
1945
1941
1946
1945
1944
1949
1952
1952
1957
1957
1958
1961
1962
1964
1967
1972
1972
1976
1976
1981
1981
1985
1985
1986
1988
1992
1993
1998
1996
2003
2005
2012
2011
2020
2023
2028
2031
2038
2041
2053
2054
2065
2073
2082
2089
2105
2111
2125
2133
2146
2156
2172
2181
2195
2210
2224
2234
2254
2265
2281
2299
2312
2327
2343
2356
2373
2387
2402
2417
2431
2443
2460
2472
2482
2496
2509
2522
2533
2543
2552
2564
2569
2580
2585
2596
2603
2609
2618
2623
2626
2636
2633
2641
2644
2646
2647
2651
2646
2653
2649
2652
2651
2652
2647
2649
2647
2646
2644
2641
2635
2636
2631
2626
2622
2619
2616
2609
2606
2606
2598
2596
2590
2586
2582
2577
2570
2573
2565
2565
2561
2556
2556
2549
2545
2543
2536
2532
2529
2524
2521
2513
2510
2507
2504
2501
2497
2492
2489
2483
2483
2477
2476
2467
2466
2460
2459
2450
2447
2437
2436
2425
2424
2415
2411
2410
2405
2393
2398
2386
2383
2377
2369
2363
2358
2347
2345
2338
2334
2328
2317
2315
2312
2304
2298
2290
2286
2282
2277
2269
2265
2261
2260
2251
2242
2243
2241
2235
2231
2224
2222
2220
2214
2213
2206
2206
2203
2201
2198
2195
2189
2193
2184
2186
2180
2180
2175
2176
2169
2173
2164
2167
2164
2164
2160
2159
2155
2155
2149
2150
2144
2140
2138
2139
2132
2130
2127
2125
2124
2117
2116
2113
2107
2110
2105
2097
2100
2098
2090
2090
2088
2086
2084
2079
2077
2071
2072
2069
2063
2061
2056
2052
2049
2042
2041
2035
2033
2027
2024
2017
2018
2011
2011
2003
2005
2000
1997
1991
1990
1981
1986
1979
1977
1974
1971
1964
1964
1956
1958
1951
1947
1948
1944
1938
1938
1930
1932
1929
1924
1922
1917
1914
1915
1910
1912
1910
1910
1908
1907
1908
1907
1905
1902
1904
1901
1900
1897
1897
1891
1892
1890
1888
1888
1888
1885
1887
1881
1880
1878
1876
1874
1875
1868
1869
1866
1864
1859
1860
1855
1857
1853
1856
1854
1856
1851
1854
1849
1846
1848
1847
1842
1845
1841
1841
1837
1838
1835
1837
1833
1835
1833
1834
1832
1832
1834
1835
1831
1836
1839
1837
1836
1837
1837
1838
1839
1841
1841
1840
1844
1841
1842
1845
1846
1845
1849
1848
1852
1851
1852
1852
1855
1855
1858
1857
1858
1859
1862
1862
1866
1868
1872
1870
1871
1872
1877
1873
1876
1874
1878
1878
1879
1878
1883
1878
1881
1882
1881
1884
1884
1884
1887
1885
1886
1889
1890
1891
1897
1898
1899
1902
1904
1909
1912
1916
1920
1926
1933
1937
1943
1950
1961
1968
1976
1987
1993
2007
2013
2028
2035
2049
2060
2075
2089
2106
2116
2134
2140
2164
2177
2194
2211
2227
2239
2255
2265
2284
2295
2309
2325
2336
2348
2361
2369
2383
2390
2407
2416
2425
2434
2445
2452
2461
2464
2475
2481
2486
2492
2498
2501
2504
2505
2508
2510
2512
2512
2511
2515
2512
2513
2512
2515
2509
2510
2503
2506
2498
2496
2490
2487
2480
2479
2471
2468
2459
2456
2447
2445
2440
2436
2426
2423
2415
2408
2401
2396
2387
2385
2376
2370
2365
2361
2349
2348
2342
2335
2331
2328
2320
2316
2313
2301
2298
2294
2285
2285
2277
2271
2264
2256
2250
2246
2238
2227
2226
2218
2215
2206
2199
2193
2191
2183
2180
2174
2167
2157
2158
2144
2143
2135
2132
2126
2125
2115
2117
2106
2105
2104
2102
2094
2097
2091
2089
2084
2082
2075
2078
2073
2070
2071
2070
2067
2073
2069
2069
2071
2070
2070
2073
2074
2073
2072
2079
2077
2079
2079
2079
2079
2080
2080
2079
2080
2078
2083
2081
2081
2081
2083
2080
2082
2085
2083
2081
2087
2081
2084
2082
2083
2077
2081
2073
2077
2075
2075
2071
2074
2073
2075
2068
2073
2065
2067
2065
2062
2058
2057
2052
2055
2054
2049
2047
2047
2042
2042
2037
2036
2034
2028
2026
2026
2021
2019
2018
2015
2012
2010
2005
2005
2000
1995
1998
1992
1988
1990
1987
1980
1980
1976
1977
1971
1968
1967
1965
1959
1960
1953
1955
1947
1945
1943
1941
1935
1936
1932
1931
1927
1926
1920
1918
1914
1912
1904
1904
1900
1898
1895
1895
1892
1891
1886
1888
1881
1881
1882
1880
1882
1880
1874
1876
1872
1868
1875
1872
1869
1870
1868
1865
1866
1865
1864
1864
1861
1860
1860
1858
1858
1854
1854
1853
1853
1850
1853
1844
1847
1845
1845
1841
1841
1839
1840
1836
1842
1838
1837
1836
1838
1835
1836
1834
1835
1828
1830
1825
1827
1824
1825
1823
1822
1822
1822
1821
1820
1820
1820
1820
1822
1819
1821
1819
1820
1819
1819
1822
1817
1818
1818
1813
1816
1814
1812
1814
1811
1813
1811
1812
1814
1815
1812
1814
1812
1812
1811
1812
1806
1810
1807
1810
1806
1810
1808
1810
1805
1810
1809
1808
1806
1807
1802
1805
1801
1802
1801
1798
1799
1800
1794
1800
1796
1797
1797
1797
1796
1802
1802
1801
1808
1810
1812
1821
1824
1822
1836
1838
1844
1851
1857
1866
1874
1881
1893
1901
1913
1925
1934
1950
1966
1976
1992
2001
2020
2033
2049
2061
2077
2090
2112
2120
2137
2153
2172
2186
2204
2214
2232
2244
2262
2272
2285
2297
2311
2319
2330
2341
2353
2361
2371
2378
2387
2394
2401
2408
2416
2422
2426
2431
2436
2444
2443
2446
2450
2453
2456
2457
2456
2460
2454
2453
2453
2449
2450
2449
2442
2443
2436
2436
2429
2428
2423
2420
2412
2413
2402
2399
2393
2393
2385
2383
2377
2375
2370
2365
2356
2353
2343
2341
2330
2321
2317
2311
2302
2297
2286
2285
2277
2272
2266
2260
2252
2249
2240
2239
2231
2225
2220
2213
2208
2203
2197
2189
2182
2170
2164
2155
2147
2136
2127
2115
2104
2095
2084
2071
2065
2057
2047
2035
2027
2014
2010
1999
1992
1982
1974
1966
1959
1948
1951
1942
1934
1930
1925
1918
1915
1906
1906
1899
1896
1891
1888
1883
1883
1876
1876
1875
1871
1870
1865
1865
1868
1862
1864
1867
1865
1867
1870
1871
1877
1877
1877
1882
1880
1885
1884
1888
1891
1888
1892
1898
1897
1905
1904
1908
1910
1912
1915
1915
1915
1920
1916
1924
1921
1926
1924
1926
1924
1929
1925
1934
1929
1933
1931
1932
1931
1935
1930
1932
1930
1929
1930
1928
1925
1929
1925
1925
1924
1924
1921
1924
1921
1920
1919
1918
1922
1920
1916
1917
1916
1910
1911
1909
1908
1909
1907
1907
1906
1902
1903
1899
1900
1899
1900
1898
1897
1894
1895
1890
1893
1886
1889
1886
1888
1886
1885
1882
1887
1883
1883
1881
1883
1877
1878
1877
1875
1870
1874
1868
1868
1866
1861
1858
1854
1850
1849
1845
1840
1839
1830
1826
1820
1812
1812
1805
1796
1791
1784
1776
1769
1762
1753
1748
1739
1732
1726
1718
1708
1704
1693
1690
1684
1678
1671
1666
1657
1655
1646
1645
1635
1633
1628
1624
1618
1618
1608
1612
1610
1608
1605
1604
1599
1599
1594
1592
1594
1593
1589
1590
1589
1587
1586
1587
1586
1591
1587
1592
1592
1596
1598
1601
1606
1610
1613
1620
1622
1628
1634
1635
1643
1645
1652
1660
1664
1665
1673
1678
1685
1689
1695
1699
1704
1706
1712
1711
1719
1722
1725
1726
1732
1729
1736
1735
1740
1741
1742
1745
1749
1746
1748
1744
1748
1745
1746
1746
1748
1746
1747
1744
1748
1745
1744
1746
1745
1743
1747
1745
1748
1748
1749
1749
1752
1751
1753
1756
1757
1761
1763
1763
1772
1774
1776
1780
1781
1788
1794
1803
1804
1812
1816
1828
1827
1837
1840
1845
1852
1856
1859
1864
1864
1875
1870
1875
1873
1873
1875
1875
1875
1874
1868
1869
1862
1860
1855
1852
1845
1840
1832
1826
1819
1809
1799
1792
1782
1777
1765
1755
1748
1739
1729
1722
1710
1707
1697
1690
1684
1673
1666
1661
1649
1646
1639
1633
1630
1618
1617
1608
1599
1591
1585
1573
1568
1556
1548
1537
1530
1514
1508
1493
1482
1468
1456
1439
1426
1410
1397
1381
1368
1351
1333
1317
1305
1283
1272
1252
1240
1224
1206
1190
1176
1155
1142
1124
1108
1094
1080
1061
1050
1036
1020
1011
998
987
977
967
956
946
936
930
921
915
907
901
894
889
887
886
881
881
875
880
878
881
881
883
888
895
894
903
908
914
919
926
931
942
945
956
961
970
982
991
995
1009
1015
1029
1036
1046
1057
1067
1078
1089
1095
1111
1122
1132
1140
1151
1157
1169
1178
1185
1198
1199
