1856
1942
2173
2478
2148
1899
1936
2008
1959
1937
1952
2192
2491
2183
1977
1998
2021
1948
1912
1928
2193
2497
2185
1932
1910
1992
1972
1928
1942
2297
2418
2082
1914
1956
1987
1954
1936
2018
2459
2285
2019
1898
1956
1975
1957
1937
2213
2477
2192
1950
1867
1958
1958
1902
1904
1962
2417
2421
2154
1915
1878
1964
1967
1934
1937
1948
1939
1931
1946
1956
1961
2115
2566
2350
2108
1948
1947
1972
1960
1953
1955
1962
1956
1948
1953
1991
2410
2372
2110
1965
1968
2006
1978
1969
1977
2093
2448
2244
2024
1931
1968
1965
1929
1944
1961
2334
2442
2149
1972
1902
1961
1957
1928
1928
2022
2473
2318
2040
1903
1918
1957
1933
1916
1931
1950
2043
2503
2312
2031
1904
1925
1958
1942
1930
1938
1946
1954
2348
2451
2138
1985
1974
1992
1944
1918
1934
1949
1954
1957
2338
2480
2123
1942
1943
1981
1942
1917
1946
1971
1956
2106
2460
2214
1982
1931
1980
1973
1935
1941
1965
2090
2435
2228
1999
1953
2004
1973
1927
1935
1985
2397
2315
2038
1942
1976
1977
1935
1935
1957
2316
2424
2109
1960
1939
1973
1948
1930
1945
1992
2417
2322
2043
1930
1947
1964
1934
1929
1950
1962
2292
2378
2084
1944
1944
1983
1957
1948
1964
2082
2442
2232
2021
1961
2004
1985
1947
1952
2007
2440
2323
2044
1951
1976
1974
1936
1940
1956
2177
2484
2186
1985
1934
1973
1949
1918
1936
1958
1978
2444
2358
2042
1934
1959
1973
1931
1926
1948
1954
1940
1943
1982
2480
2409
2056
1957
1982
1989
1937
1930
1952
1962
1955
1948
2218
2506
2164
1973
1963
2012
1963
1922
1944
1971
1967
1954
2083
2513
2265
1996
1957
2014
1985
1927
1935
1964
1972
1964
2000
2452
2354
2024
1945
2007
2007
1947
1934
1963
1978
1966
2279
2449
2110
1949
1965
2003
1957
1930
1948
1973
2008
2402
2306
2017
1944
2006
2004
1948
1947
1973
2025
2408
2277
2013
1965
2031
2016
1954
1953
1984
2365
2337
2058
1964
1990
2020
1978
1970
2002
2393
2362
2081
1960
1977
1998
1950
1940
1951
2136
2485
2196
1991
1931
1987
1976
1937
1945
1964
1946
2339
2446
2100
1955
1948
1988
1946
1929
1951
1956
1952
1945
2315
2500
2109
1973
1973
2005
1959
1930
1951
1972
1962
1945
2323
2484
2100
1951
1977
2009
1952
1928
1956
1968
1957
1952
2063
2537
2284
1973
1946
2023
1982
1917
1937
1971
1969
1953
2145
2510
2181
1936
1959
2032
1971
1913
1939
1973
1971
2028
2474
2291
1964
1929
2022
1994
1920
1929
1975
1981
2065
2443
2206
1943
1950
2034
1993
1935
1948
1983
2085
2432
2207
1959
1958
2035
1990
1940
1955
1981
2229
2458
2139
1971
1967
2002
1965
1932
1953
1977
2331
2398
2068
1951
1958
1991
1956
1941
1958
2030
2408
2231
2000
1939
1989
1992
1956
1964
1987
2342
2344
2076
1964
1969
1996
1969
1956
1973
2355
2347
2085
1954
1936
1974
1962
1949
1959
1987
2417
2347
2082
1940
1929
1973
1956
1926
1932
1951
1955
1950
1955
1968
2027
2466
2333
2067
1984
1990
2002
1965
1961
1984
2014
2379
2320
2097
1967
1977
2004
1968
1945
1960
2338
2368
2069
1958
1954
1985
1956
1939
1942
2101
2431
2169
1982
1937
1979
1970
1935
1939
1955
2103
2438
2184
1992
1931
1975
1971
1941
1939
1958
1957
2201
2448
2146
1993
1959
1991
1967
1936
1945
1962
1961
1951
1954
1986
2428
2399
2069
1979
1992
2010
1969
1939
1958
1977
1972
2210
2428
2132
1967
1968
2017
1976
1940
1962
1982
2284
2389
2087
1956
1980
2013
1964
1941
1961
2113
2460
2212
1998
1950
2003
1981
1931
1938
1958
2212
2455
2141
1982
1949
1992
1968
1933
1937
1959
1962
1959
2033
2506
2305
2017
1956
1980
1986
1951
1941
1962
1971
1964
1965
1974
2285
2487
2147
1988
1980
2027
1984
1940
1954
1981
1978
2144
2481
2208
2005
1971
2011
1988
1939
1943
1969
1973
2057
2500
2304
2037
1972
1989
1989
1946
1935
1948
1963
1964
2018
2476
2364
2060
1969
1997
2013
1967
1942
1970
1984
2116
2473
2225
2010
1961
2008
1994
1949
1956
1974
2293
2444
2134
1978
1962
2008
1968
1936
1955
1987
2423
2389
2070
1948
1954
1981
1943
1924
1947
1960
2036
2517
2319
2034
1933
1955
1967
1931
1923
1938
1952
1945
2159
2535
2211
1997
1935
1978
1971
1933
1937
1968
1976
1956
2274
2467
2126
1971
1964
2009
1967
1936
1962
1979
2031
2474
2302
2022
1940
1989
1987
1930
1925
1959
1969
2044
2522
2319
2023
1933
1973
1982
1932
1921
1948
1965
1955
1967
2461
2454
2077
1948
1946
1976
1937
1919
1941
1961
1960
1954
2124
2536
2231
1980
1949
2004
1984
1935
1943
1974
1979
2233
2450
2124
1958
1979
2031
1980
1943
1964
1977
2340
2392
2065
1949
1977
2012
1956
1933
1957
1978
2346
2411
2074
1948
1955
1988
1948
1932
1948
1967
1965
2368
2428
2072
1946
1954
1988
1949
1928
1945
1964
1966
1960
2097
2550
2274
2015
1966
2002
1982
1941
1943
1965
1967
1959
1954
2175
2543
2215
1992
1965
2013
1987
1941
1945
1973
1984
1990
2394
2377
2046
1940
1996
2027
1963
1940
1973
1987
2247
2461
2132
1966
1964
2016
1973
1939
1959
1976
2255
2463
2133
1972
1949
1996
1970
1936
1947
1966
2025
2472
2307
2029
1941
1968
1977
1938
1935
1957
1965
1961
1998
2481
2370
2057
1962
1973
1987
1949
1935
1953
1964
1960
1954
1958
1968
2039
2512
2350
2047
1982
1997
1996
1953
1951
1970
1983
1973
2149
2460
2180
1984
1958
2019
1998
1948
1958
1983
2072
2446
2240
2007
1953
2009
2006
1951
1953
1972
2244
2440
2123
1976
1957
2002
1974
1942
1958
1966
2139
2486
2195
1999
1941
1982
1976
1938
1941
1966
1968
1958
1958
2151
2544
2239
2014
1959
1990
1983
1942
1941
1961
1968
1965
1964
1965
2200
2550
2218
2005
1975
2005
1981
1940
1946
1970
1979
1972
2337
2438
2090
1957
1968
2002
1955
1930
1943
1968
1982
2360
2393
2057
1943
1978
2014
1958
1937
1961
1982
2300
2407
2083
1949
1978
2019
1973
1942
1960
2031
2445
2300
2023
1941
1995
1997
1943
1944
1967
2327
2407
2083
1950
1951
1995
1957
1938
1952
2039
2470
2268
2013
1931
1970
1978
1940
1939
1962
1964
2196
2490
2165
1981
1940
1984
1963
1928
1941
1961
1964
1972
2436
2409
2062
1956
1968
1987
1950
1934
1954
1970
1966
2068
2526
2272
2003
1948
1989
1979
1938
1940
1964
1969
2235
2478
2125
1951
1955
2002
1966
1931
1948
1972
2007
2453
2330
1995
1910
1977
2004
1949
1934
1961
1984
1979
2346
2445
2100
1969
1978
2016
1969
1945
1969
1979
2300
2420
2100
1953
1958
2015
1971
1937
1961
1976
2351
2387
2071
1945
1956
1990
1953
1952
1974
1967
2112
2492
2204
1985
1940
1994
1976
1934
1945
1973
1975
1992
2465
2365
2040
1945
1978
1994
1946
1933
1956
1971
1961
2151
2554
2228
1988
1947
1995
1972
1930
1931
1959
1971
1957
2362
2490
2105
1948
1957
1990
1945
1922
1941
1967
1971
2370
2428
2067
1941
1970
2007
1950
1927
1956
1974
2138
2481
2185
1968
1946
2014
1986
1936
1951
1972
2244
2458
2122
1960
1950
1996
1957
1929
1949
1968
2361
2384
2056
1944
1952
1995
1969
1953
1973
1972
2112
2503
2214
1995
1933
1976
1976
1944
1952
1976
1987
2190
2517
2200
2004
1946
1985
1955
1922
1941
1973
1984
1976
2243
2545
2177
1985
1928
1974
1964
1942
1960
1990
1984
1957
2018
2513
2314
2017
1960
2000
2016
1965
1938
1946
1953
1953
2381
2437
2105
1977
1976
1988
1923
1901
1947
1984
1972
2352
2488
2125
1950
1926
1968
1943
1926
1954
1989
2009
2451
2376
2031
1930
1946
1982
1963
1964
1976
1969
1929
2270
2486
2128
1989
1968
2008
1967
1920
1922
1945
1957
1965
2036
2536
2361
2025
1927
1953
1966
1938
1944
1973
1986
1974
1980
2445
2360
2038
1960
1987
2026
1971
1932
1939
1957
1953
2095
2524
2269
2028
1957
1988
1978
1914
1919
1963
1978
2075
2533
2299
1998
1918
1961
1962
1930
1944
1985
2002
2019
2466
2316
2004
1938
1976
2016
1968
1942
1952
1958
1987
2425
2332
2049
1962
1982
2002
1944
1936
1961
1958
1932
2260
2484
2144
1978
1955
2004
1971
1925
1925
1954
1974
1989
2426
2417
2059
1950
1956
1965
1942
1942
1977
1994
1978
2139
2510
2192
1957
1944
2008
2005
1962
1965
1974
1948
2200
2480
2171
1987
1974
2014
1963
1923
1933
1961
1996
2426
2385
2067
1953
1971
1986
1935
1920
1966
2002
2130
2514
2232
1981
1921
1974
1973
1946
1964
1991
1978
2140
2500
2169
1957
1945
2018
2005
1950
1937
1952
1958
1948
2195
2514
2194
1998
1955
1997
1969
1927
1930
1950
1976
2048
2498
2311
2009
1940
1976
1954
1916
1943
1988
2000
1971
2284
2471
2103
1943
1938
2012
1997
1949
1934
1956
1968
2077
2499
2266
2023
1957
2006
1986
1915
1902
1965
2013
2018
2438
2369
2021
1931
2000
2038
1961
1910
1929
1966
1991
2221
2518
2139
1962
1983
2037
1983
1892
1905
2002
2024
2015
2441
2327
2012
1953
2012
2024
1935
1893
1948
2000
1996
2338
2454
2101
1964
1960
1998
1960
1935
1950
1973
1964
2281
2510
2140
1962
1943
1997
1962
1926
1944
1968
1970
2028
2541
2346
2016
1943
1989
1997
1945
1931
1962
1972
2167
2548
2213
1974
1949
2012
1969
1912
1908
1955
1991
2409
2454
2074
1920
1953
1995
1938
1921
1946
1964
2105
2531
2249
1985
1927
1985
1966
1920
1929
1959
1978
2437
2424
2058
1931
1958
1976
1930
1925
1946
1957
2209
2534
2175
1949
1929
1985
1955
1915
1923
1960
1986
2453
2394
2034
1919
1970
1975
1925
1922
1948
1967
2005
2487
2329
1987
1923
1989
1992
1931
1925
1959
1982
2399
2399
2049
1947
2048
2100
2014
1958
1953
2337
2539
2123
1925
1952
2002
1932
1909
1927
2303
2564
2139
1930
1926
1981
1931
1904
1924
2139
2605
2230
1965
1913
1974
1945
1904
1921
1961
2508
2411
2029
1909
1949
1969
1906
1906
1931
2395
2495
2063
1884
1916
1971
1921
1918
1965
2428
2454
2020
1882
1936
1963
1888
1892
1937
2246
2562
2144
1919
1939
1969
1899
1884
1919
1926
1973
2548
2367
1995
1898
1959
1959
1894
1904
1939
1939
2069
2582
2260
1957
1919
1975
1938
1890
1921
1963
2001
2498
2394
2029
1922
1973
1970
1905
1906
1944
1957
2457
2443
2034
1891
1961
1982
1904
1892
1933
2067
2511
2250
1940
1911
2001
1968
1911
1927
1974
2400
2356
2003
1899
2002
2004
1935
1936
2008
2500
2359
2002
1918
2009
1989
1928
1926
2131
2564
2218
1957
1933
1992
1948
1902
1921
2232
2555
2152
1937
1926
1988
1929
1903
1905
1999
2564
2349
2000
1900
1957
1953
1904
1924
1942
1972
2516
2371
2007
1906
1961
1964
1911
1912
1950
1945
2276
2532
2109
1916
1939
1989
1932
1901
1933
1960
1939
2215
2565
2140
1913
1943
1996
1927
1898
1929
1960
1944
2183
2532
2142
1920
1936
2005
1948
1898
1936
1963
1969
2416
2390
2005
1894
1991
1999
1917
1910
1952
1964
2136
2498
2170
1921
1943
2023
1961
1909
1942
1973
2015
2468
2316
1990
1918
2006
1989
1920
1929
1957
2039
2470
2279
1973
1930
2012
1990
1935
1949
1972
2259
2432
2092
1937
1990
2031
1970
1944
1965
2256
2480
2136
1961
1975
2023
1972
1945
1960
2351
2465
2105
1954
1964
1989
1944
1929
1944
2336
2496
2146
1972
1917
1957
1944
1919
1930
1947
1984
2537
2410
2067
1919
1909
1952
1934
1922
1933
1945
1942
2400
2446
2085
1954
1960
1985
1943
1922
1948
1958
2374
2464
2120
1968
1946
1979
1937
1921
1940
1941
2394
2428
2112
1959
1922
1949
1913
1900
1916
1932
1946
2423
2526
2117
1944
1928
1974
1935
1911
1932
1969
2002
1967
1925
1930
2018
2560
2514
2095
1920
1949
1998
1948
1914
1928
1929
1934
1926
2032
2551
2394
2048
1923
1980
1984
1928
1924
1956
1962
1959
2347
2529
2144
1932
1953
2017
1968
1931
1957
1974
2071
2560
2324
1987
1924
2007
1988
1919
1933
1975
2037
2556
2385
1969
1857
1938
1971
1902
1902
1935
2028
2528
2306
1947
1876
1977
1965
1907
1912
1933
2242
2509
2113
1888
1924
1997
1945
1910
1930
2060
2481
2226
1941
1918
2005
1988
1934
1942
2113
2500
2215
1962
1928
1995
1974
1943
1950
2252
2516
2161
1956
1947
1997
1958
1924
1930
2350
2513
2123
1948
1928
1968
1935
1913
1922
2199
2580
2198
1972
1897
1949
1938
1904
1918
1932
2328
2555
2137
1923
1900
1954
1927
1901
1924
1935
2273
2547
2145
1943
1904
1954
1927
1896
1924
1938
2130
2569
2226
1965
1898
1960
1936
1903
1921
1945
1940
2372
2497
2071
1908
1938
1975
1917
1902
1932
1945
1977
2481
2362
1995
1895
1977
1977
1913
1906
1952
1965
2119
2533
2231
1961
1904
1978
1955
1910
1927
1954
1957
2280
2466
2094
1917
1948
2004
1957
1927
1948
1972
2342
2392
2060
1919
1983
2020
1954
1935
1961
2230
2471
2151
1955
1952
2020
1984
1948
1949
2238
2510
2139
1946
1939
2009
1959
1926
1939
2198
2518
2164
1950
1931
1985
1949
1916
1945
1961
2416
2428
2057
1918
1941
1976
1933
1922
1945
2011
2500
2318
2011
1918
1971
1964
1915
1924
1950
2000
2498
2370
2029
1918
1960
1967
1918
1917
1943
1962
2430
2428
2051
1910
1934
1965
1922
1903
1933
1956
2364
2402
2037
1902
1941
1986
1935
1923
1951
2049
2477
2271
1992
1927
1994
1983
1932
1942
1974
2433
2375
2016
1911
1974
1980
1924
1922
1946
2304
2489
2096
1923
1931
1988
1942
1915
1934
2049
2532
2273
1975
1909
1976
1968
1914
1921
1949
2162
2536
2189
1948
1925
1990
1949
1909
1934
1958
2180
2538
2181
1933
1927
2001
1951
1900
1926
1959
2095
2542
2257
1950
1907
1996
1955
1890
1919
1954
2119
2519
2201
1929
1915
1999
1960
1902
1918
1955
2047
2510
2302
1968
1907
1998
1981
1914
1918
1948
2071
2499
2251
1954
1913
2003
1977
1922
1936
1963
2343
2414
2057
1912
1993
2032
1959
1928
1963
2377
2453
2071
1910
1964
2004
1937
1917
1954
2429
2453
2064
1909
1949
1982
1930
1917
1934
2250
2589
2189
1933
1906
1962
1935
1898
1921
1938
2256
2553
2149
1921
1892
1969
1948
1914
1932
1948
2234
2522
2164
1938
1939
2021
1980
1931
1935
2096
2564
2252
1952
1907
1987
1957
1899
1915
2000
2542
2357
1984
1874
1952
1964
1895
1902
1931
2307
2553
2108
1888
1912
1975
1917
1892
1925
1949
2415
2487
2047
1882
1941
1985
1912
1894
1938
1951
2258
2575
2137
1892
1928
2002
1932
1888
1924
1955
2013
2529
2344
1954
1881
1998
1982
1898
1904
1953
1966
2300
2516
2087
1872
1948
2019
1950
1916
1934
1956
2256
2508
2091
1861
1936
2018
1947
1898
1927
1971
2377
2420
2013
1868
1986
2019
1933
1914
1951
2025
2504
2329
1960
1889
2004
1992
1920
1921
1951
2277
2474
2084
1893
1961
2017
1960
1934
1947
2200
2478
2136
1916
1964
2047
1999
1950
1949
2367
2467
2063
1902
1964
2003
1937
1922
1973
2502
2384
2010
1905
1968
1973
1919
1923
1969
2515
2408
2015
1897
1961
1977
1918
1920
1946
2090
2592
2273
1969
1905
1967
1951
1903
1919
1956
1952
2079
2609
2290
1967
1908
1982
1959
1907
1920
1950
1953
1973
2527
2430
2006
1904
1981
1988
1911
1900
1944
1964
1968
2477
2442
2006
1891
1981
1989
1903
1902
1944
1954
2352
2470
2031
1849
1971
2048
1926
1870
1925
2028
2488
2293
1934
1840
2000
2040
1915
1901
1953
2325
2408
2031
1903
1997
2015
1953
1954
2018
2467
2380
2004
1922
2036
2001
1928
1919
2176
2535
2196
1940
1932
2001
1959
1917
1922
2452
2462
2055
1896
1919
1967
1932
1901
2017
2532
2295
1990
1880
1946
1974
1959
1947
2166
2578
2212
1942
1891
1957
1942
1907
1909
2343
2568
2115
1896
1891
1957
1926
1892
1908
2065
2632
2315
1959
1881
1950
1941
1890
1895
1928
1997
2599
2392
1980
1866
1946
1946
1881
1885
1928
1937
2174
2617
2206
1908
1899
2022
1966
1874
1896
1930
1946
2323
2526
2100
1893
1943
1986
1918
1891
1938
1964
2001
2501
2345
1954
1886
2001
1973
1890
1911
1968
1967
2273
2536
2084
1872
1958
2020
1987
1965
1940
1993
2117
2513
2295
2021
1897
1962
1974
1896
1893
1941
2252
2532
2135
1866
1918
2024
1970
1912
1918
2161
2501
2168
1923
1946
2008
1959
1916
1935
2241
2504
2142
1908
1954
2014
1948
1901
1932
2363
2429
2044
1864
1921
1973
1943
1924
2031
2463
2259
1947
1906
1999
1990
1941
1930
2260
2467
2118
1924
1981
2026
1954
1917
2041
2533
2292
1981
1917
1987
1972
1923
1910
2282
2518
2129
1924
1922
1974
1940
1933
1874
2108
2413
2100
1941
1945
1976
1893
1868
1998
2118
2634
2491
1990
1840
1860
1925
1927
1982
2107
2350
3196
3228
2488
1679
1813
2141
1828
1852
2095
2197
2780
3194
2584
2282
2243
2095
1840
1637
1811
1969
2895
3339
2723
2123
1961
1907
1678
1601
1732
1804
2722
2908
2133
1835
1980
1999
1900
2217
2467
2492
2842
2912
2079
1733
1788
1463
1322
1484
1631
1805
2681
2781
2027
1731
1693
1799
1670
916
675
1142
1513
1265
1129
1066
1493
2192
2478
2755
2853
2271
1763
2186
1243
1820
2439
2389
1659
1822
2441
2282
1994
1943
1992
2012
2108
2099
1996
2296
2335
2094
1970
1969
2017
1991
1984
1985
2187
2382
2123
1975
1953
2003
1986
1964
1967
2162
2384
2124
1959
1950
1989
1970
1975
1979
2108
2379
2146
1936
1933
1996
1982
1941
1947
1980
2322
2294
2024
1918
1798
1859
1959
1979
1983
1981
2162
2445
2157
1962
1969
2016
1988
1964
1978
2001
1993
2240
2358
2077
1963
1994
2014
1901
1798
1911
1994
1975
2169
2421
2148
1964
1975
2016
1943
1936
2000
2032
1990
2197
2396
2114
1955
1985
2029
1992
1980
1993
2015
2092
2415
2260
2007
1948
2005
2005
1976
2018
2012
2017
2332
2245
1985
1939
2005
2022
1988
1973
1974
2130
2368
2123
1957
1982
2028
1986
1953
1968
2067
2373
2169
1966
1988
2070
2016
1959
1965
2028
2388
2269
2001
1956
2013
2005
1959
1969
2008
2135
2428
2153
1966
1961
2013
1984
1957
1966
1989
2041
2419
2238
1983
1956
2013
1994
1955
1968
1989
1992
2004
2407
2308
2001
1943
2010
2011
1958
1957
1984
1998
1986
2341
2364
2020
1975
2012
2012
1958
1948
1976
1996
1985
2023
2437
2275
1971
1927
2005
1995
1956
1956
1981
1993
1990
2316
2348
2018
1928
1998
2021
1970
1961
1984
2006
1994
2241
2404
2080
1941
1988
2036
1986
1962
1986
2005
1994
2112
2466
2204
1972
1963
2014
1998
1958
1965
1989
1996
2074
2413
2206
1986
1957
2017
2009
1970
1974
1996
2171
2386
2115
1957
1969
2020
1993
1966
1980
2123
2395
2159
1983
1975
2024
2005
1969
1973
2060
2414
2223
2004
1957
2007
2009
1969
1999
2053
2172
2461
2177
2014
1958
1978
1986
2002
2074
2023
1983
1972
1988
1969
1956
2390
2548
2140
2070
2274
1891
1909
1942
1950
1952
1992
1974
1924
1445
2058
2876
2544
2040
1843
1941
2043
2002
1982
1982
1980
1981
1960
1954
2084
2564
2324
1992
1932
1988
1988
1917
1904
1936
1932
2161
2403
2070
1899
1896
1981
2003
1978
1980
2009
2407
2546
2126
1965
2017
2105
2016
1933
1947
1953
2298
2391
1925
1770
1906
1967
1915
1870
1906
1967
1970
2291
2281
1982
1950
2007
2029
1985
1979
2032
2127
2485
2534
2245
2119
2124
2121
2047
1990
1983
2056
2594
2328
1936
1853
1898
1816
1799
1811
1875
1922
2257
2266
2057
2004
1997
2001
1974
1956
1971
1990
1993
2002
2435
2452
2097
1966
1964
2000
1982
1958
1968
1991
1981
1969
1973
1999
2192
2582
2268
1992
1963
2024
2022
1970
1959
1988
1999
2244
2489
2152
1939
1960
2049
2009
1944
1954
1992
2396
2466
2072
1918
1966
2020
1959
1932
1962
2000
2468
2481
2070
1944
1974
2008
1945
1921
1946
1967
2302
2602
2208
1952
1907
1954
1963
1932
1934
1955
1945
2228
2610
2194
1926
1897
1969
1953
1908
1912
1952
2141
2493
2157
1929
1909
1979
1928
1858
1901
1957
2298
2222
1964
1898
1949
1954
1925
1995
2030
2274
2544
2163
1941
1923
1991
1935
1916
1958
1976
2404
2577
2090
1880
1921
1989
1940
1909
1939
1962
2003
2586
2470
1985
1875
1966
1984
1926
1917
1945
1961
1948
2333
2685
2144
1867
1944
2032
1945
1873
1675
1887
2001
1974
2116
2628
2269
1889
1879
1988
1965
1910
1938
1986
2000
1982
2119
2563
2284
1950
1929
2052
2016
1942
1949
1984
1985
2130
2563
2250
1933
1926
2047
2005
1929
1941
1993
2090
2544
2321
1943
1906
2034
1997
1888
1907
1949
2166
2551
2180
1881
1905
2009
1957
1914
1956
1983
2404
2685
2182
1886
1906
1977
1927
1909
1933
1970
2455
2409
2000
1873
1960
1974
1934
1937
1956
2230
2501
2110
1887
1872
1950
1937
1913
1931
2176
2517
2141
1914
1906
1973
1959
1935
1954
1976
2405
2391
2036
1927
1917
1942
1957
1953
1951
1956
1949
1946
1969
1981
2047
2550
2377
2004
1945
1975
1990
1963
1963
1977
1984
2243
2446
2108
1944
1954
2021
1988
1959
1971
2131
2495
2195
1959
1941
2006
1982
1936
1951
1977
2381
2435
2042
1921
1953
1994
1961
1939
1958
1969
2133
2562
2202
1948
1926
1977
1963
1939
1953
1976
1972
2308
2426
2060
1955
1976
2000
1956
1931
1953
1972
1959
2314
2477
2050
1904
1953
2000
1952
1934
1955
1980
1977
1964
1977
2440
2416
1992
1899
1981
2018
1954
1933
1966
1990
1981
2039
2472
2232
1909
1898
2015
2007
1937
1939
1979
1985
2078
2422
2178
1932
1942
2057
2028
1972
1973
2005
2046
2394
2272
1975
1922
2024
2037
1971
1950
1975
2237
2386
2036
1887
1968
2027
1978
1946
1975
2254
2412
2060
1907
1966
2021
1981
1960
1974
2214
2446
2106
1935
1951
2013
2000
1974
1962
2014
2405
2261
1981
1928
1995
2020
1989
1975
1984
2285
2376
2046
1929
1981
2019
1982
1970
1979
2203
2422
2094
1939
1957
2004
1986
1963
1972
1981
2309
2400
2052
1933
1956
2007
1993
1962
1966
1978
1983
2393
2341
2003
1929
1974
1999
1972
1968
1978
1990
1975
2198
2430
2104
1935
1968
2035
1996
1961
1978
1997
2260
2383
2054
1931
1964
2016
1984
1956
1976
1987
2311
2402
2048
1938
1972
2013
1989
1959
1967
1981
2156
2444
2120
1937
1952
2012
1998
1959
1962
1995
2043
2414
2216
1956
1929
2005
2010
1973
1964
1977
2072
2438
2199
1963
1937
1995
1997
1964
1962
1982
1999
2377
2316
2004
1933
1973
2000
1975
1961
1980
1989
1982
2324
2349
2030
1931
1980
2018
1992
1973
1988
1994
2006
2375
2283
1994
1934
2003
2019
1978
1970
1989
1995
2257
2390
2061
1929
1968
2024
1993
1959
1970
1997
1989
2180
2445
2132
1965
1967
2011
1994
1957
1963
1988
1991
2131
2427
2149
1942
1937
2003
2002
1974
1981
2000
2070
2401
2198
1971
1950
2023
2015
1975
1971
1989
2225
2373
2070
1936
1984
2036
1991
1961
1969
1997
2345
2302
2028
1960
2012
2028
1983
1978
1992
2016
2326
2394
2084
1977
1987
1973
1939
1959
2020
2362
2425
2657
2636
2513
2189
1986
2719
3095
1921
1460
1835
2239
2225
2033
1767
1766
1863
1940
1877
1712
1903
2260
2303
2053
1983
2013
1975
1912
1916
1858
1871
2102
2245
2109
1977
1988
1976
1834
1841
1816
1856
1948
1973
1986
2032
2145
2136
2034
1970
2004
2004
1978
1967
1997
2024
2019
1999
2024
2154
2177
2085
2004
2028
2046
2025
2014
2008
1999
1978
2076
2183
2196
2067
1989
2002
2027
2000
1973
1981
1986
2087
2157
2102
2043
2064
2058
2061
1985
2013
2038
2057
2079
2070
2036
2018
2021
2022
2002
2034
2097
2193
2156
2037
1996
2026
1969
1941
1967
2046
2217
2180
2032
1986
2041
2069
2037
2024
2055
2238
2168
2017
1987
2021
2055
1992
1960
2020
2230
2133
1976
1982
