2006
1998
2068
2316
2229
2028
1946
1979
2006
1987
1971
1978
1991
1997
1998
2114
2289
2136
1972
1948
2007
2015
1988
1978
1991
2004
2005
2013
2160
2255
2077
1954
1975
2026
2017
1988
1984
2001
2006
2006
2028
2211
2262
2063
1958
1982
2024
2011
1990
1986
1995
2008
2005
2015
2145
2269
2104
1972
1972
2023
2022
1996
1988
1998
2008
2011
2013
2125
2230
2095
1971
1979
2033
2025
1995
1988
2002
2008
2011
2034
2197
2232
2060
1967
1992
2031
2018
1993
1996
2002
2009
2013
2036
2212
2229
2053
1966
1992
2027
2016
1994
1989
2001
2011
2011
2036
2188
2198
2042
1965
2001
2039
2022
1996
1996
2006
2011
2018
2133
2249
2115
1980
1979
2028
2027
1997
1990
2001
2011
2014
2050
2231
2241
2059
1971
2002
2038
2015
1986
1984
1997
2005
2009
2085
2252
2170
2004
1961
2011
2026
2000
1992
2054
2088
2008
1974
2014
2028
2015
2003
2009
2015
2017
2014
2016
2016
2020
2132
2294
2171
2009
1985
2035
2047
2014
1992
2001
2017
2021
2129
2270
2156
1995
1969
2016
2025
2000
1984
1997
2013
2044
2206
2223
2054
1964
1996
2033
2018
1998
2001
2012
2033
2186
2273
2106
1971
1978
2023
2013
1997
1995
2003
2010
2103
2326
2241
2045
1953
1985
2005
1986
1974
1986
2000
2001
2084
2341
2257
2039
1941
1978
2010
1987
1972
1984
2000
2001
2010
2207
2386
2165
1968
1940
2006
2004
1969
1967
1987
2000
2000
2000
2093
2416
2316
2055
1924
1956
2003
1979
1955
1963
1981
1991
1990
1991
2024
2308
2369
2098
1947
1956
2008
1988
1956
1964
1986
1997
1998
1995
2013
2265
2393
2121
1942
1944
2015
2001
1960
1961
1981
1995
1998
1996
2000
2106
2392
2254
2002
1927
1979
2010
1985
1967
1980
2000
2013
2014
2009
2044
2324
2357
2090
2039
2195
2060
1845
1839
1937
1989
1985
1984
1991
2016
2232
2333
2081
1916
1951
2024
2011
1978
1974
1989
2002
2007
2004
2091
2356
2257
1983
1912
1989
2030
1995
1969
1977
1997
2005
2007
2053
2317
2313
2042
1924
1969
2027
2004
1968
1972
1991
2003
2010
2032
2250
2312
2064
1933
1975
2032
2017
1981
1976
1994
2011
2012
2109
2337
2206
1977
1936
2013
2038
1996
1976
1985
2007
2012
2022
2216
2377
2128
1940
1950
2024
2020
1979
1972
1989
2002
2010
2035
2256
2314
2055
1922
1977
2038
2016
1976
1974
1994
2012
2009
2118
2341
2197
1969
1936
2014
2033
1992
1974
1985
2001
2008
2021
2203
2365
2132
1938
1946
2023
2024
1985
1973
1992
2008
2010
2022
2194
2324
2105
1937
1956
2032
2027
1987
1980
1996
2010
2014
2045
2264
2283
2038
1923
1982
2039
2014
1980
1981
2000
2011
2011
2065
2284
2243
2012
1935
1993
2035
2009
1983
1986
2003
2013
2010
2088
2283
2202
1998
1948
2018
2045
2009
1986
1996
2010
2016
2056
2260
2258
2031
1930
1999
2046
2011
1979
1987
2008
2013
2026
2196
2345
2134
1942
1951
2030
2025
1987
1980
1994
2007
2009
2057
2285
2283
2029
1923
1986
2035
2005
1979
1987
2004
2016
2024
2189
2319
2100
1928
1962
2038
2022
1982
1983
2000
2015
2013
2080
2348
2278
2010
1920
1989
2033
1999
1973
1982
2000
2010
2011
2123
2370
2208
1960
1922
2011
2034
1989
1969
1986
2007
2015
2022
2206
2337
2091
1917
1961
2040
2020
1977
1974
1997
2015
2016
2061
2333
2313
2009
1899
1978
2035
2003
1970
1978
1998
2010
2007
2103
2358
2220
1956
1911
2009
2038
1997
1972
1985
2006
2012
2032
2242
2332
2063
1906
1973
2054
2022
1976
1972
1999
2014
2024
2241
2400
2105
1907
1945
2037
2024
1972
1964
1990
2009
2012
2160
2427
2191
1928
1916
2015
2028
1981
1966
1985
2002
2001
2122
2401
2214
1930
1904
2009
2036
1984
1969
1983
1998
2021
2274
2381
2092
1905
1940
2024
2006
1966
1968
1987
1999
2044
2333
2351
2059
1903
1952
2018
1991
1959
1968
1994
2000
2032
2291
2337
2067
1909
1956
2028
2001
1966
1973
1995
2006
2062
2345
2308
2021
1903
1986
2038
1995
1965
1976
1998
2005
2112
2437
2298
1987
1898
1986
2024
1979
1953
1969
1991
1997
2051
2396
2375
2020
1875
1947
2019
1992
1953
1962
1990
2000
2010
2248
2409
2101
1893
1932
2030
2013
1965
1961
1989
2004
2009
2240
2440
2137
1908
1924
2026
2014
1962
1956
1983
1998
2006
2168
2478
2220
1938
1900
2000
2020
1970
1953
1973
1993
2002
2045
2380
2346
2001
1877
1973
2052
2003
1957
1967
1993
2004
2052
2385
2327
1995
1884
1985
2049
1991
1950
1967
2037
2370
2325
1952
1837
2006
2069
1982
1946
1961
1986
1997
1997
1996
2018
2348
2480
2095
1885
1948
2062
2024
1950
1950
1984
2002
2032
2364
2383
2015
1856
1959
2056
2001
1943
1953
1988
2003
2182
2505
2234
1943
1905
2054
2060
1952
1912
1951
1982
2005
2386
2537
2172
1939
1965
2069
2004
1918
1914
1961
1983
2123
2554
2332
1952
1860
2024
2047
1943
1910
1946
1978
2018
2409
2414
2025
1849
1945
2037
1968
1911
1931
1976
1987
2050
2463
2386
2044
1884
1963
2033
1960
1910
1935
1981
1995
1981
2201
2508
2116
1918
1907
2024
2026
1951
1926
1959
1999
1995
1990
2324
2486
2114
1901
1944
2062
2006
1924
1929
1970
1993
1984
1989
2370
2459
2082
1908
1948
2045
2001
1930
1930
1972
1992
1990
1975
2134
2498
2257
1965
1916
2013
2037
1969
1936
1959
1993
1996
1983
2016
2370
2365
2033
1895
1984
2069
2006
1939
1941
1976
1993
1986
2052
2478
2410
2034
1896
1978
2062
1990
1919
1932
1970
1995
1983
2041
2501
2431
2024
1882
1955
2044
1984
1919
1926
1964
1986
1981
2109
2485
2263
1938
1885
2022
2058
1970
1926
1956
1991
1994
2087
2438
2293
1975
1885
1992
2042
1975
1936
1953
1984
1992
2091
2412
2280
1999
1907
1991
2036
1978
1945
1962
1990
1992
2094
2414
2287
2009
1917
2017
2054
1980
1947
1970
1996
2011
2261
2436
2126
1899
1940
2063
2017
1942
1943
1980
2003
2160
2482
2233
1925
1875
2010
2030
1952
1928
1960
1990
2036
2405
2398
2014
1862
1944
2047
1991
1926
1938
1980
1994
2061
2465
2372
1989
1864
1973
2051
1986
1922
1944
1982
1996
2017
2395
2435
2033
1859
1958
2063
1994
1927
1937
1978
2000
2020
2373
2390
1997
1840
1974
2076
1991
1919
1936
1979
2000
2012
2364
2435
2040
1854
1948
2063
2004
1926
1927
1968
1991
1994
2276
2498
2132
1869
1909
2059
2033
1937
1922
1959
1992
1992
2179
2482
2188
1887
1901
2064
2052
1952
1926
1964
1996
2005
2268
2450
2096
1867
1938
2070
2021
1937
1931
1972
2000
2013
2333
2436
2070
1869
1944
2057
2007
1932
1938
1974
1995
2015
2328
2417
2056
1872
1958
2069
2012
1940
1944
1981
2002
2073
2411
2301
1958
1872
2024
2072
1978
1931
1958
1997
2008
2219
2497
2177
1891
1899
2047
2033
1942
1925
1965
1997
1999
2264
2515
2152
1876
1897
2044
2025
1928
1920
1964
1997
1993
2177
2500
2193
1877
1879
2052
2049
1945
1918
1961
1998
1998
2193
2494
2183
1878
1887
2050
2038
1941
1919
1961
1990
1998
2157
2515
2252
1921
1878
2025
2048
1954
1920
1950
1987
1991
2085
2482
2324
1947
1859
2020
2074
1974
1924
1952
1990
1999
2170
2503
2209
1877
1879
2056
2055
1945
1917
1956
1990
2002
2289
2513
2128
1866
1916
2066
2027
1929
1923
1966
1991
2023
2393
2459
2041
1846
1971
2082
1999
1921
1940
1990
2004
2141
2514
2243
1898
1868
2044
2047
1941
1917
1960
1997
2010
2339
2503
2085
1847
1912
2056
2007
1922
1927
1973
1995
2001
2338
2497
2085
1853
1917
2053
2009
1928
1932
1977
2000
2006
2333
2463
2055
1836
1944
2082
2006
1920
1934
1981
2001
2023
2414
2458
2029
1842
1944
2062
1991
1915
1929
1970
1990
1985
2217
2556
2189
1878
1871
2022
2033
1945
1918
1952
1985
1988
2023
2413
2384
1979
1844
1984
2081
2001
1930
1944
1985
1997
2013
2365
2437
2038
1857
1966
2083
2010
1930
1937
1974
1994
2008
2361
2494
2084
1866
1941
2070
2020
1933
1926
1967
1987
2000
2338
2508
2096
1862
1923
2066
2027
1936
1928
1968
1992
2023
2399
2396
2001
1845
1982
2081
1994
1926
1942
1981
1995
2143
2497
2251
1931
1883
2027
2046
1958
1930
1967
1996
1997
2232
2505
2190
1912
1897
2030
2023
1949
1937
1971
1993
1996
2235
2488
2163
1891
1908
2049
2026
1941
1937
1978
2003
1997
2218
2508
2190
1901
1888
2029
2020
1941
1931
1968
1997
1992
2094
2503
2339
1973
1854
1978
2039
1961
1921
1944
1982
1991
1990
2280
2479
2119
1874
1912
2044
2017
1939
1934
1973
1998
1996
2184
2451
2184
1909
1908
2037
2029
1953
1939
1975
2000
1999
2119
2420
2268
1988
1906
2011
2037
1968
1941
1968
1997
2001
2038
2355
2345
2046
1904
1991
2065
2004
1948
1962
2000
2012
2047
2352
2331
2023
1895
2012
2075
1993
1940
1962
2000
2011
2108
2451
2322
1998
1894
2012
2055
1969
1929
1956
1997
2000
2182
2523
2267
1922
1862
2020
2045
1954
1921
1962
1994
2028
2380
2451
2030
1823
1961
2086
1999
1919
1942
1993
2009
2263
2580
2188
1864
1882
2057
2030
1923
1917
1974
2000
2061
2543
2463
1994
1819
1939
2041
1959
1898
1935
1989
1992
2112
2573
2303
1894
1818
2004
2052
1938
1905
1954
1996
1996
2247
2551
2134
1835
1868
2042
2009
1908
1908
1968
2003
2003
2326
2556
2121
1847
1891
2039
2004
1909
1918
1974
1993
2035
2481
2464
2000
1814
1939
2058
1982
1904
1933
1984
1999
2185
2566
2214
1854
1843
2030
2046
1938
1912
1959
1996
2013
2346
2461
2010
1793
1941
2088
2004
1910
1930
1979
2004
2158
2548
2227
1863
1846
2037
2060
1945
1911
1951
1992
2008
2342
2545
2088
1827
1899
2064
2031
1927
1913
1961
1993
2020
2414
2489
2012
1811
1935
2076
2014
1916
1925
1971
1998
2056
2468
2359
1923
1816
2006
2090
1981
1917
1941
1984
1998
2227
2546
2162
1841
1882
2069
2050
1940
1916
1960
1995
2057
2496
2411
1969
1827
1973
2073
1986
1915
1936
1984
2004
2269
2534
2118
1828
1900
2083
2038
1931
1926
1975
2003
2209
2525
2174
1859
1885
2058
2036
1935
1925
1973
1997
2150
2505
2259
1918
1861
2009
2034
1949
1925
1967
1992
2068
2420
2348
1990
1852
1960
2035
1972
1926
1956
1989
2010
2258
2423
2115
1890
1938
2058
2014
1947
1957
1989
2007
2191
2487
2230
1932
1899
2041
2029
1946
1939
1978
2000
2081
2480
2397
2007
1841
1957
2036
1966
1917
1947
1984
1986
2129
2460
2253
1937
1860
1982
2013
1947
1924
1957
1983
1991
2165
2362
2144
1928
1933
2033
2010
1956
1953
1985
2003
2036
2317
2338
2079
1933
1994
2052
1998
1959
1972
2001
2010
2089
2446
2370
2051
1913
1998
2049
1972
1935
1971
2244
2393
2015
1782
1953
2068
1993
1935
1948
1983
1999
1992
1987
1987
2046
2394
2352
1987
1874
2013
2073
1992
1942
1962
1998
2006
2059
2371
2332
2011
1891
2017
2087
2009
1956
1968
1998
2000
2141
2518
2317
1955
1874
2021
2063
1969
1929
1961
1999
2008
2244
2512
2162
1857
1902
2083
2047
1931
1924
1973
1996
2110
2514
2318
1903
1826
2006
2060
1950
1907
1947
1989
2000
2289
2541
2122
1851
1889
2041
2021
1928
1919
1969
1997
2000
2308
2565
2126
1842
1898
2058
2026
1933
1936
1979
2006
1995
2202
2567
2187
1836
1874
2069
2042
1927
1914
1967
2001
1994
2161
2549
2232
1860
1854
2032
2044
1940
1913
1957
1990
1995
2010
2367
2467
2036
1835
1936
2065
2008
1922
1930
1979
2190
2410
2076
1795
1915
2095
2040
1939
1934
1981
2010
2008
2000
1995
1996
2143
2548
2312
1904
1870
2070
2100
1977
1922
1952
1997
2009
2000
2157
2545
2275
1888
1858
2047
2083
1970
1917
1948
1984
1998
1999
2282
2510
2101
1826
1918
2097
2055
1944
1928
1969
1999
2004
2171
2498
2189
1857
1893
2090
2077
1955
1931
1970
2004
2014
2251
2550
2159
1855
1904
2081
2053
1940
1926
1976
2009
2008
2286
2595
2156
1849
1899
2075
2038
1931
1928
1979
2007
2003
2241
2553
2153
1849
1891
2066
2025
1926
1930
1984
2011
2002
2268
2471
2074
1826
1929
2080
2014
1922
1945
1993
2009
2000
2312
2482
2069
1846
1924
2064
2007
1920
1939
1988
2008
1994
2031
2466
2422
1993
1849
1968
2061
1981
1922
1953
1997
2010
1997
2009
2404
2453
2024
1855
1972
2079
1997
1929
1955
2003
2018
1994
2028
2442
2395
1970
1836
2001
2083
1977
1914
1950
1998
2014
1995
2021
2462
2470
2010
1845
1960
2066
1986
1914
1937
1988
2009
1995
1985
2269
2556
2140
1854
1900
2061
2035
1935
1924
1974
2007
2008
1992
2194
2526
2163
1845
1901
2086
2055
1942
1925
1974
2010
2012
1994
2259
2590
2180
1861
1896
2065
2049
1943
1920
1969
2007
2004
1987
2202
2628
2241
1855
1860
2047
2061
1945
1911
1957
2002
2011
1988
2180
2574
2202
1830
1869
2085
2072
1941
1918
1967
2013
2008
2016
2435
2518
2016
1817
1952
2088
2006
1910
1932
1990
2016
1998
2084
2593
2394
1928
1830
1988
2076
1970
1905
1946
2001
2009
1993
2280
2567
2107
1814
1903
2092
2036
1917
1923
1992
2023
2003
2200
2599
2209
1859
1862
2048
2042
1928
1914
1975
2011
2004
2027
2501
2490
1998
1824
1933
2057
1983
1907
1937
1987
2009
1992
2044
2525
2386
1917
1820
2008
2088
1969
1910
1955
2008
2016
1990
2202
2598
2197
1856
1870
2049
2042
1927
1915
1977
2010
2009
1986
2234
2637
2211
1862
1863
2036
2037
1927
1908
1961
1999
2000
1982
2111
2584
2285
1861
1837
2040
2077
1954
1911
1961
2006
2012
1993
2238
2561
2129
1819
1890
2082
2046
1928
1917
1972
2008
2005
1999
2362
2570
2075
1821
1913
2079
2029
1923
1920
1973
2003
2001
2013
2433
2496
1989
1809
1965
2103
2009
1914
1936
1993
2016
2007
2307
2537
2074
1807
1927
2103
2025
1911
1925
1988
2015
2001
2238
2590
2172
1850
1879
2057
2040
1927
1918
1974
2012
2003
2066
2539
2378
1933
1835
1999
2079
1977
1913
1954
2009
2016
2005
2367
2510
2033
1811
1957
2109
2008
1910
1938
1996
2017
1994
2168
2614
2245
1865
1855
2045
2051
1934
1909
1968
2011
2005
1981
2156
2639
2281
1879
1846
2019
2052
1940
1912
1967
2007
2005
1980
2034
2523
2417
1919
1808
2013
2092
1969
1909
1944
2002
2014
1991
2018
2488
2485
1967
1809
1961
2082
1992
1904
1935
1994
2009
1994
1985
2317
2623
2127
1825
1888
2056
2038
1933
1917
1964
2005
2009
1988
2117
2570
2270
1840
1828
2057
2092
1956
1907
1952
2006
2018
2002
2262
2567
2137
1825
1891
2102
2076
1931
1904
1978
2026
2025
2298
2608
2125
1806
1880
2078
2052
1913
1893
1958
2007
2014
2387
2554
2039
1796
1905
2083
2026
1908
1914
1980
2009
2031
2422
2450
1983
1815
1959
2080
1993
1906
1928
1980
1993
2001
2297
2388
2049
1867
1958
2059
1998
1939
1949
1988
1998
1994
2154
2341
2139
1947
1976
2070
2036
1972
1964
1991
2004
1996
2125
2278
2120
1970
1985
2062
2036
1980
1974
1996
2007
2001
2024
2212
2208
2041
1978
2034
2061
2014
1986
1990
2011
2013
2011
2056
2231
2175
2033
2002
2066
2070
2017
1993
2002
2020
2021
2017
2155
2285
2130
2010
2034
2097
2060
2004
1999
2018
2028
2020
2023
2257
2372
2148
2005
2048
2113
2046
1977
1974
2004
2015
1998
2011
2342
2455
2084
1900
2021
2111
2007
1928
1948
1984
1999
1983
2047
2477
2366
1967
1872
2029
2074
1956
1907
1945
1986
1995
1981
2062
2541
2415
1984
1889
2044
2085
1960
1902
1946
1991
1998
1984
2031
2551
2496
1971
1829
2042
2126
1963
1884
1929
1989
2000
1973
2090
2617
2333
1851
1819
2069
2079
1913
1876
1936
1986
1990
1967
2067
2594
2367
1889
1837
2037
2076
1939
1886
1938
1986
1996
1980
2038
2531
2421
1932
1837
2055
2124
1965
1896
1945
2004
2014
1985
2184
2665
2262
1837
1872
2106
2071
1907
1886
1955
1999
2148
2543
2208
1770
1842
2120
2058
1892
1883
1957
1999
1992
1979
1976
1990
2382
2575
2058
1824
1985
2144
2024
1899
1922
1988
2014
1993
2048
2563
2451
1962
1845
2031
2105
1955
1877
1933
1998
2000
1977
2239
2721
2278
1875
1889
2098
2048
1888
1881
1957
2001
1981
2036
2588
2478
1928
1797
2023
2081
1923
1875
1943
2000
1992
1977
2435
2622
2060
1812
1910
2058
1964
1867
1912
1976
1998
1973
1984
2511
2609
2045
1843
1924
2050
1962
1877
1917
1976
1991
1972
1962
2229
2697
2222
1847
1867
2059
2024
1897
1898
1967
2001
1996
1966
2050
2574
2365
1870
1804
2059
2091
1922
1880
1948
1998
1998
1968
2095
2633
2361
1893
1833
2027
2066
1928
1885
1946
1996
1997
1974
1996
2488
2588
2012
1809
1952
2099
1989
1882
1914
1985
2008
1992
1973
2305
2613
2084
1767
1909
2128
2037
1895
1908
1977
2007
1996
1984
2391
2605
2046
1787
1930
2101
2008
1891
1912
1974
2007
1998
1992
2377
2593
2055
1794
1933
2126
2034
1906
1917
1982
2018
2000
2093
2637
2395
1873
1808
2038
2101
1943
1882
1945
1998
2008
1985
2259
2695
2194
1812
1849
2062
2052
1914
1895
1962
2008
2000
2006
2445
2514
1971
1774
1975
2116
1987
1887
1929
1992
2012
1992
2208
2669
2226
1825
1856
2067
2055
1911
1895
1965
2010
2002
1983
2365
2642
2078
1783
1908
2100
2015
1890
1909
1981
2010
1991
1983
2396
2578
2017
1761
1936
2113
1997
1892
1930
2008
2042
2021
2058
2630
2645
2195
1896
1680
1740
1898
1953
1938
1948
1978
1989
2011
2384
2392
1901
1754
2023
2161
2005
1897
1930
1999
2021
2010
2281
2526
2076
1788
1933
2128
2044
1921
1927
1984
2014
2013
2309
2624
2133
1809
1908
2119
2051
1913
1910
1982
2012
2033
2440
2501
1988
1790
1959
2098
1993
1900
1921
1974
1995
2142
2504
2212
1847
1858
2052
2048
1938
1913
1964
1995
2038
2364
2350
1982
1859
2014
2086
1990
1937
1964
2002
2017
2246
2478
2144
1882
1961
2107
2038
1941
1948
1997
2014
2102
2511
2345
1921
1856
2062
2079
1953
1907
1952
1998
2007
2245
2546
2127
1803
1911
2108
2033
1918
1928
1994
2022
2113
2550
2305
1864
1894
2188
2135
1958
1951
2026
2033
2070
2551
2402
1893
1817
2018
1976
1839
1830
1904
1974
1997
2034
2564
2483
1906
1780
1964
2084
1971
1878
1915
1977
2001
1985
2103
2675
2363
1835
1797
2021
2083
1942
1883
1934
1990
2004
1984
2170
2654
2227
1779
1842
2107
2086
1927
1900
1964
2014
2008
2009
2469
2547
1947
1743
1975
2137
1996
1880
1919
1986
2006
1993
2049
2609
2484
1877
1759
1995
2110
1971
1874
1913
1978
1998
1989
2067
2583
2393
1850
1773
2043
2132
1972
1892
1942
2003
2013
2021
2477
2516
1933
1746
1986
2145
1999
1884
1919
1995
2018
2008
2362
2618
2052
1750
1908
2128
2036
1894
1904
1979
2014
1998
2231
2642
2161
1766
1859
2109
2067
1911
1896
1972
2017
2005
2188
2614
2188
1778
1856
2115
2072
1917
1905
1975
2021
2006
2212
2578
2146
1780
1889
2124
2056
1914
1915
1987
2019
2012
2292
2538
2053
1774
1945
2135
2021
1904
1933
1999
2020
2036
2445
2412
1913
1792
2036
2114
1965
1900
1955
2008
2014
2120
2531
2239
1832
1854
2095
2071
1928
1910
1972
2008
2008
2268
2508
2070
1795
1945
2130
2022
1911
1933
1996
2011
2077
2472
2298
1865
1833
2091
2111
1952
1907
1970
2018
2071
2503
2422
1912
1787
2037
2133
1977
1894
1948
2015
2087
2554
2438
1898
1776
2027
2114
1945
1874
1947
2007
2095
2581
2359
1828
1764
2039
2099
1928
1875
1950
2010
2025
2466
2540
1929
1725
1959
2126
1983
1868
1910
1986
2000
2010
2496
2555
1965
1760
1972
2103
1966
1868
1909
1970
1981
1966
2160
2565
2230
1868
1899
2096
2056
1921
1905
1958
1987
1979
1973
2232
2432
2105
1880
1968
2089
2023
1938
1942
1975
1993
1988
2060
2342
2235
1966
1925
2054
2070
1985
1950
1975
2001
2005
2009
2244
2320
2074
1952
2032
2095
2021
1958
1970
2001
2011
2003
2164
2394
2173
1958
1996
2111
2068
1975
1966
1996
2017
2014
2233
2449
2172
1928
1995
2126
2048
1945
1945
1985
2010
2002
2324
2618
2174
1868
1949
2106
2009
1884
1895
1963
1989
1977
2260
2607
2157
1824
1903
2093
2020
1891
1896
1967
1998
1989
2309
2545
2068
1801
1955
2120
2000
1888
1919
1983
2002
1983
2233
2702
2262
1868
1899
2098
2030
1888
1891
1964
2000
1982
1990
2537
2652
2021
1797
1976
2108
1949
1846
1902
1974
1992
1963
2042
2646
2425
1856
1790
2064
2090
1899
1856
1933
1993
1982
1959
2341
2630
2079
1793
1929
2103
1981
1861
1899
1969
1992
1974
1999
2547
2562
1999
1826
1985
2088
1953
1866
1914
1977
1991
1966
2021
2594
2499
1926
1800
2020
2099
1939
1865
1926
1990
2001
1969
2200
2637
2182
1784
1873
2117
2041
1879
1885
1962
2001
1984
1990
2451
2624
2058
1817
1962
2107
1982
1869
1916
1985
2004
1979
2027
2604
2541
1957
1812
2010
2097
1942
1870
1929
1995
2001
1969
2152
2687
2252
1792
1844
2109
2050
1882
1880
1963
2002
1983
1980
2478
2641
2026
1798
1938
2075
1959
1864
1909
1981
1996
1966
1996
2539
2550
1974
1809
1966
2070
1944
1879
1930
1989
1998
1974
2020
2561
2449
1911
1802
2043
2097
1936
1882
1946
2001
2002
1973
2118
2698
2349
1882
1837
2032
2049
1909
1882
1949
1993
1992
1968
2060
2648
2416
1897
1818
1996
2059
1931
1878
1936
1990
1994
1971
2000
2479
2471
1935
1792
2012
2111
1960
1888
1942
2002
2009
1987
2093
2625
2353
1886
1836
2040
2069
1934
1894
1952
2001
2005
1981
2183
2694
2284
1864
1856
2045
2046
1914
1894
1955
2002
1996
1979
2273
2615
2118
1800
1898
2094
2028
1902
1916
1980
2012
1991
2096
2584
2305
1861
1830
2041
2064
1932
1895
1954
2002
1998
1989
2346
2614
2102
1832
1910
2072
2013
1909
1919
1982
2010
1992
2016
2512
2484
1963
1812
1981
2085
1973
1902
1944
2002
2011
1989
2144
2575
2219
1823
1865
2088
2056
1925
1914
1978
2012
2001
2019
2474
2491
1977
1812
1976
2086
1978
1899
1939
1997
2013
1990
2073
2603
2398
1914
1824
2010
2072
1950
1899
1950
2002
2009
1985
2138
2589
2244
1829
1852
2088
2069
1929
1911
1974
2020
2006
2026
2493
2454
1947
1805
1991
2092
1971
1899
1942
1999
2012
1989
2179
2676
2301
1871
1834
2035
2053
1930
1899
1961
2006
2001
1983
2333
2638
2111
1796
1899
2087
2013
1900
1921
1985
2011
1998
2171
2600
2213
1808
1860
2095
2048
1906
1902
1970
2009
1999
2172
2629
2258
1853
1839
2044
2046
1921
1907
1966
2006
2001
2071
2584
2385
1903
1805
2004
2073
1947
1897
1946
2005
2006
2006
2394
2476
1983
1787
1980
2110
1985
1900
1941
1998
2005
2014
2419
2469
1986
1805
1967
2092
1988
1902
1938
1996
2008
1992
2283
2594
2139
1839
1893
2069
2029
1917
1916
1979
2013
2000
2069
2559
2380
1906
1820
2026
2088
1951
1906
1957
2014
2010
2043
2530
2444
1922
1792
2002
2097
1960
1898
2039
2383
2137
1730
1878
2110
2042
1937
1933
1976
2005
2001
1983
1981
1999
1997
2221
2744
2308
1847
1869
2107
2096
1935
1899
1973
2030
2025
2065
2599
2497
1877
1709
1991
2126
1979
1884
1929
1998
2016
2113
2642
2366
1836
1789
2051
2114
1957
1896
1955
2002
2000
2215
2650
2198
1802
1845
2074
2043
1913
1912
1987
2015
2030
2460
2435
1941
1788
1994
2096
1968
1897
1946
2007
2011
2169
2643
2269
1849
1841
2054
2051
1914
1906
1972
2007
1999
2329
2626
2100
1791
1876
2084
2002
1889
1908
1978
2004
1989
2286
2582
2081
1783
1896
2090
2006
1895
1920
1980
2009
1993
2254
2643
2159
1807
1869
2081
2035
1897
1904
1975
2004
1988
1979
2422
2662
2054
1775
