1920
2239
2620
2350
2015
1912
1995
2059
1985
1908
1888
1913
1939
1942
1935
1942
2023
2526
2628
2200
1932
1914
2038
2051
1951
1883
1882
1907
1930
1940
1950
1950
2214
2626
2412
2018
1864
1959
2059
2002
1905
1879
1900
1928
1940
1940
1939
1944
2145
2643
2541
2106
1896
1942
2056
2017
1915
1884
1899
1917
1930
1933
1937
1942
1962
2366
2698
2370
2001
1892
1985
2055
1980
1896
1874
1903
1930
1938
1940
1940
1941
2080
2588
2581
2139
1897
1923
2048
2036
1938
1883
1893
1925
1937
1949
1959
1954
2136
2595
2484
2049
1856
1938
2055
2029
1924
1892
1905
1928
1943
1953
1958
2008
2473
2709
2312
1961
1898
2034
2077
1984
1900
1875
1894
1924
1933
1939
1938
2000
2473
2696
2277
1916
1879
2024
2085
1970
1882
1882
1915
1935
1946
2168
2690
2529
2029
1803
1922
2086
2025
1899
1857
1878
1917
1932
1940
1963
2503
2965
2494
1973
1837
1994
2082
1941
1818
1820
1864
1902
1908
1912
1910
1918
2139
2910
2864
2193
1862
1879
2047
2020
1844
1769
1823
1885
1911
1904
1904
1921
1932
2093
2813
2855
2182
1806
1882
2100
2065
1886
1802
1823
1874
1913
1921
1913
1901
1924
2467
3016
2512
1938
1821
1980
2093
1965
1809
1787
1841
1888
1902
1908
1930
2478
2948
2411
1886
1776
1974
2079
1934
1807
1807
1867
1906
2096
2868
2838
2109
1733
1808
2054
2017
1838
1768
1817
1870
1899
1926
2536
3157
2538
1875
1735
1937
2066
1903
1745
1746
1826
1874
1886
1883
1884
1894
1937
2577
3158
2524
1894
1781
1991
2087
1921
1782
1769
1831
1878
1889
1889
1892
1904
2033
2801
2916
2185
1771
1823
2042
2053
1885
1788
1812
1870
1900
1915
1913
1908
2026
2692
2793
2134
1745
1817
2052
2070
1922
1833
1842
1874
1907
1921
1929
1936
2346
2864
2458
1894
1773
1961
2102
1993
1865
1836
1869
1903
1919
1927
1930
2192
2791
2567
1972
1764
1930
2104
2033
1905
1861
1879
1912
1925
1943
1947
2232
2768
2492
1928
1770
1966
2127
2035
1891
1853
1886
1922
1940
1942
2047
2692
2778
2152
1782
1869
2105
2087
1917
1833
1861
1903
1926
1932
1932
2017
2712
2907
2235
1804
1847
2085
2086
1906
1812
1837
1884
1915
1919
1917
1917
1946
2544
3014
2417
1853
1802
2045
2119
1948
1814
1819
1869
1906
1917
1917
1913
2062
2794
2808
2110
1760
1869
2120
2073
1888
1810
1850
1903
1923
1924
1918
2086
2801
2751
2057
1739
1888
2132
2058
1867
1804
1850
1900
1923
1924
1924
2139
2943
2835
2086
1770
1909
2128
2037
1836
1776
1830
1884
1901
1900
1908
1913
2448
3092
2554
1878
1753
2008
2139
1959
1787
1784
1845
1895
1913
1908
1903
2181
2956
2727
1982
1700
1917
2133
2022
1824
1777
1835
1887
1909
1913
1909
2336
3074
2645
1933
1739
1950
2109
1956
1782
1772
1833
1871
1889
1895
1897
2262
3042
2704
1965
1730
1925
2115
1989
1815
1773
1829
1888
1909
1916
1938
2550
3001
2352
1767
1733
2018
2105
1925
1790
1793
1855
1896
1905
1908
2039
2858
2940
2153
1748
1835
2093
2058
1863
1773
1807
1873
1901
1915
1909
2213
3020
2765
1991
1713
1915
2134
2003
1809
1767
1826
1880
1901
1902
2217
3066
2789
1964
1674
1885
2103
1985
1798
1756
1817
1871
1896
1904
1984
2799
3040
2250
1748
1813
2110
2086
1860
1762
1800
1862
1897
1899
2019
2920
3075
2195
1687
1773
2070
2036
1810
1719
1774
1838
1875
1881
1880
1933
2731
3272
2490
1822
1750
2016
2081
1866
1718
1741
1822
1867
1883
1880
1884
1899
2509
3245
2637
1880
1725
1982
2115
1922
1744
1754
1832
1880
1899
1896
1893
2257
3111
2767
1935
1658
1908
2112
1971
1774
1741
1805
1867
1885
1896
1902
2461
3185
2622
1873
1701
1949
2100
1929
1761
1757
1821
1872
1887
1890
1895
2190
3034
2822
2030
1724
1903
2126
2006
1800
1754
1811
1866
1893
1894
2066
2933
2967
2137
1696
1801
2084
2037
1821
1753
1794
1850
1885
1897
1910
2470
3153
2579
1851
1714
1986
2119
1925
1766
1758
1825
1881
1895
1891
1898
2470
3108
2518
1831
1713
2015
2132
1933
1771
1780
1847
1893
1897
2197
3045
2795
1962
1618
1847
2092
1981
1782
1744
1811
1857
1881
1891
2165
3093
2921
2045
1689
1855
2098
1999
1793
1737
1792
1848
1870
1886
1889
2090
3000
2984
2129
1703
1834
2106
2029
1823
1745
1797
1864
1892
1889
1899
2495
3124
2501
1785
1670
1970
2097
1914
1758
1764
1827
1869
1889
1890
2062
2939
2966
2142
1698
1808
2086
2038
1837
1759
1794
1861
1897
1904
1905
2376
3060
2588
1892
1717
1989
2144
1971
1789
1773
1839
1892
1893
2223
3055
2765
1946
1638
1866
2114
1985
1785
1744
1810
1866
1890
1900
2526
3245
2608
1844
1700
1979
2107
1913
1745
1741
1824
1886
1901
1918
2630
3306
2582
1797
1689
2041
2140
1885
1707
1731
1811
1864
1873
2000
3056
3272
2254
1630
1710
2050
2006
1753
1660
1728
1808
1850
1860
1857
2044
3191
3294
2219
1636
1741
2062
2006
1756
1664
1734
1807
1852
1870
1860
1878
2631
3338
2562
1758
1645
2004
2132
1892
1714
1718
1795
1852
1871
1865
1865
2380
3304
2789
1883
1624
1893
2099
1937
1738
1709
1776
1838
1864
1873
1879
2088
3071
3041
2111
1651
1808
2107
2040
1807
1725
1781
1847
1879
1892
1891
1986
2836
3107
2257
1678
1738
2067
2089
1866
1751
1767
1834
1879
1892
1891
2120
3065
3013
2108
1672
1819
2114
2042
1811
1737
1781
1844
1874
1886
1886
2156
3113
2970
2059
1660
1854
2133
2030
1797
1734
1799
1868
1896
1896
2007
2905
3103
2241
1691
1794
2124
2076
1824
1723
1779
1852
1888
2405
3269
2755
1872
1609
1937
2126
1913
1714
1718
1796
1858
2147
3280
3149
2090
1576
1831
2149
1964
1696
1663
1761
1851
1953
2957
3367
2369
1631
1687
2070
2001
1711
1628
1714
1814
1829
2319
3250
2715
1891
1635
1955
2120
1885
1691
1695
1785
1856
1847
2249
3248
2824
1977
1639
1875
2052
1840
1680
1714
1807
1832
1824
1822
1872
2695
3155
2375
1812
1769
2036
2017
1794
1726
1769
1829
1860
1855
1845
1878
2546
3033
2383
1843
1798
2044
2040
1846
1759
1795
1851
1877
1878
1876
1908
2549
2913
2280
1794
1827
2082
2062
1867
1785
1817
1875
1892
1891
1933
2614
3017
2366
1861
1832
2088
2092
1877
1770
1801
1858
1879
1881
1885
2450
3213
2642
1906
1735
2012
2150
1927
1743
1752
1814
1861
1881
2012
3001
3144
2184
1603
1750
2127
2050
1779
1678
1734
1813
1852
1919
2863
3395
2426
1642
1614
2017
2092
1822
1649
1690
1776
1824
1847
2260
3366
2988
1905
1520
1822
2145
1994
1734
1667
1748
1825
1836
2375
3415
2825
1750
1454
1835
2123
1931
1690
1668
1743
1813
1840
1930
2949
3447
2386
1568
1587
2034
2106
1833
1660
1690
1782
1835
1857
1905
2813
3470
2499
1608
1554
2015
2133
1850
1662
1687
1776
1826
1851
1930
2922
3447
2411
1580
1582
2001
2093
1839
1663
1691
1773
1832
1857
1859
2316
3296
2842
1848
1551
1899
2189
1997
1742
1696
1762
1828
1860
1874
2472
3353
2721
1766
1533
1892
2131
1943
1732
1709
1778
1837
1866
1869
1870
2091
3118
3134
2127
1609
1764
2109
2065
1821
1717
1765
1827
1868
1877
1878
1945
2758
3133
2318
1693
1716
2077
2134
1897
1756
1768
1829
1872
1881
1885
2070
2970
3002
2130
1660
1779
2096
2080
1848
1748
1784
1848
1879
1891
1894
1990
2824
3072
2273
1721
1768
2090
2115
1889
1767
1796
1851
1894
1901
1904
1916
2515
3116
2505
1790
1677
1985
2141
1970
1803
1777
1827
1877
1894
1894
1899
2003
2827
3072
2292
1754
1781
2081
2110
1892
1777
1792
1853
1886
1901
1897
1939
2648
3068
2390
1806
1759
2054
2128
1924
1789
1789
1852
1888
1897
1903
2181
3069
2930
2100
1716
1897
2161
2050
1819
1749
1811
1871
1899
1891
1884
1891
2134
3121
3084
2195
1746
1878
2149
2040
1790
1714
1780
1856
1888
1896
1885
1881
1902
2501
3246
2664
1876
1698
2020
2176
1955
1754
1739
1803
1867
1891
1904
1898
1925
2665
3254
2538
1840
1807
2180
2214
1900
1725
1773
1870
1898
2009
3038
3298
2304
1634
1642
1968
1972
1728
1666
1713
1780
1819
1826
2034
3069
3073
2187
1777
1912
2132
2004
1772
1714
1760
1914
3021
3520
2379
1514
1529
2033
2064
1733
1573
1637
1771
2775
3599
2555
1657
1538
1972
2043
1738
1561
1624
1779
2858
3629
2492
1603
1491
1976
2077
1833
1615
1690
2832
3521
2476
1498
1476
1968
1950
1652
1535
2169
3556
2933
1684
1279
1722
1992
1728
1543
1572
2227
3549
2890
1709
1345
1749
1966
1749
1574
1598
1704
1784
2740
3611
2566
1638
1556
1958
1992
1704
1578
1638
1753
1786
1785
1800
2648
3559
2664
1776
1617
1990
2062
1785
1637
1661
1757
1811
1830
1966
3178
3392
2291
1688
1752
2077
2016
1718
1599
1677
1775
1806
1794
1804
2485
3624
2943
1908
1613
1930
2146
1896
1665
1660
1728
1771
1807
1798
2253
3452
3080
1988
1571
1834
2094
1913
1672
1650
1640
1702
1784
1810
1862
2770
3620
2687
1750
1574
1949
2105
1848
1626
1633
1721
1772
1807
1817
2192
3306
3085
2021
1538
1756
2118
2040
1783
1689
1735
1780
1811
2358
3436
2942
1852
1452
1777
2090
1952
1709
1665
1727
1774
1789
2315
3467
2997
1887
1509
1806
2125
1943
1651
1630
1712
1758
1786
2081
3332
3253
2053
1506
1694
2059
2009
1739
1635
1703
1794
1827
2161
3287
3000
1957
1512
1809
2173
1981
1703
1669
1757
1865
2831
3424
2447
1554
1513
1969
2049
1792
1661
1702
1775
2294
3537
3043
1862
1438
1752
2073
1911
1660
1622
1702
1779
1814
1929
3157
3549
2351
1549
1612
2022
2009
1701
1592
1661
1795
1847
1849
1872
2844
3580
2557
1663
1561
1987
2074
1796
1612
1662
1756
1803
1820
1899
2920
3505
2479
1631
1572
1990
2066
1799
1645
1672
1751
1808
1838
1866
2693
3408
2548
1693
1572
1977
2134
1882
1702
1703
1772
1822
1850
1879
2654
3300
2476
1659
1576
1959
2102
1878
1718
1724
1795
1834
1855
1867
2267
3202
2864
1936
1593
1821
2109
1995
1776
1736
1771
1826
1853
1874
1933
2704
3025
2281
1725
1750
2069
2112
1900
1777
1782
1834
1876
1994
2812
2965
2180
1684
1740
2053
2072
1877
1776
1792
1836
1883
1928
2652
3222
2592
1866
1701
1966
2087
1905
1746
1749
1806
1837
1864
2406
3158
2639
1856
1642
1885
2079
1960
1784
1750
1822
2032
2910
2934
2084
1547
1700
2035
2005
1814
1733
1774
1947
2895
3066
2177
1599
1674
2006
2011
1821
1728
1753
1817
1856
2130
3098
2965
2067
1643
1803
2067
1998
1793
1724
1759
1823
1859
1869
1938
2730
3115
2370
1799
1789
2090
2107
1862
1744
1765
1829
1871
1902
2014
2908
3182
2310
1659
1693
2070
2092
1828
1696
1737
1808
1852
1868
2220
3112
2873
2010
1623
1829
2102
1996
1778
1712
1764
1834
1865
1878
2212
3054
2823
2013
1682
1982
2254
2010
1730
1686
1768
1835
2118
3025
2923
2066
1605
1742
2037
1989
1792
1720
1765
1811
1856
1886
2457
3154
2573
1795
1652
1937
2077
1925
1764
1754
1809
1862
1886
2393
3009
2488
1813
1637
1899
2071
1933
1800
1796
1833
2104
2822
2641
1953
1643
1818
2050
2004
1865
1806
1818
2221
3013
2664
1899
1604
1806
2025
1971
1827
1775
1806
1858
2384
3095
2597
1860
1644
1878
2053
1944
1795
1764
1798
1859
1989
2826
2955
2159
1657
1717
2008
2047
1888
1786
1804
1852
1879
2350
3027
2577
1841
1648
1917
2106
1976
1830
1785
1828
1866
1895
2346
3127
2709
1919
1667
1915
2118
1983
1811
1767
1805
1849
1883
2078
2995
3011
2131
1643
1771
2065
2035
1857
1762
1783
1833
1879
1953
2717
3030
2266
1683
1716
2042
2098
1901
1771
1778
1831
1876
2103
3003
2928
2049
1596
1763
2072
2047
1840
1753
1791
1835
1873
1959
2802
3203
2361
1696
1678
2001
2088
1904
1766
1759
1811
1879
1991
2894
3120
2218
1599
1677
2042
2062
1858
1742
1762
1828
1867
2402
3284
2742
1837
1569
1868
2074
1949
1778
1740
1791
1836
1862
2008
3005
3222
2258
1629
1703
2057
2069
1843
1721
1740
1812
1858
1880
1968
2832
3215
2337
1660
1684
2071
2116
1873
1737
1756
1816
1854
2180
3198
2999
2011
1543
1751
2082
2016
1795
1702
1783
1845
1865
1907
2799
3453
2538
1691
1597
1974
2119
1891
1715
1741
1799
1857
1885
2016
2916
3101
2267
1701
1771
2070
2005
1791
1710
1736
1802
1935
2940
3266
2288
1598
1604
1916
2009
1841
1706
1712
1768
1838
1906
2791
3352
2471
1671
1598
1955
2079
1876
1709
1711
1771
1820
1853
2013
3015
3095
2148
1591
1725
2101
2107
1867
1735
1758
1825
1868
2475
3277
2649
1751
1530
1886
2105
1923
1747
1728
1788
1833
1863
2307
3372
2995
1956
1548
1826
2143
1971
1738
1696
1760
1821
2084
3236
3187
2103
1529
1718
2092
2007
1774
1697
1753
1981
3096
3224
2153
1473
1641
2068
2013
1757
1665
1718
1860
2951
3565
2487
1582
1553
1990
2027
1736
1609
1657
1756
1952
3151
3285
2147
1498
1652
2040
1959
1711
1641
1735
1817
2032
3112
3052
2019
1525
1775
2084
1935
1723
1660
1738
1825
1862
2600
3450
2633
1779
1628
1972
2058
1816
1659
1701
1796
1844
1844
2000
3183
3309
2251
1633
1752
2097
1999
1739
1665
1729
1802
1848
1870
2747
3532
2565
1666
1587
2039
2097
1776
1633
1689
1784
1839
1894
3044
3788
2696
1733
1631
2085
2106
1733
1573
1608
1712
1769
1800
2752
3867
2892
1713
1448
1912
2068
1762
1566
1617
1702
1754
2157
3552
3176
1843
1317
1717
2096
1870
1582
1552
1641
1741
1774
1844
3011
3637
2474
1630
1598
2021
2036
1734
1563
1617
1717
1782
1788
2015
3345
3414
2228
1584
1792
2191
2001
1683
1604
1672
1753
1924
3293
3744
2453
1468
1521
2089
2032
1624
1481
1572
1700
1770
2004
3670
3868
2403
1374
1503
2073
1986
1592
1444
1556
1695
1766
1984
3602
3867
2393
1289
1438
2080
2022
1580
1459
1560
1671
1750
2338
3867
3795
2077
1220
1576
2120
1893
1513
1433
1567
1698
1769
2057
3780
3868
2255
1254
1476
2085
1988
1593
1484
1577
1705
2024
3627
3642
2077
1141
1456
2066
1974
1625
1502
1572
1691
1951
3601
3868
2347
1259
1385
2004
1987
1613
1489
1556
1685
1824
3143
3868
2616
1395
1329
1981
2090
1715
1498
1561
1722
2986
3868
2681
1358
1205
1886
2075
1730
1509
1543
1671
1990
3687
3868
2296
1238
1437
2050
2001
1607
1475
1579
1709
2020
3653
3757
2255
1302
1567
2108
1934
1562
1475
1602
1785
3188
3867
2657
1361
1291
1919
2004
1620
1469
1540
1658
1732
2478
3868
3362
1742
1190
1731
2116
1840
1521
1523
1658
1750
2869
3867
2769
1375
1217
1898
2073
1725
1497
1536
1670
1827
3237
3867
2706
1384
1312
1930
2029
1651
1470
1569
1672
1748
2630
3868
3125
1650
1267
1853
2141
1823
1509
1507
1645
1776
2912
3868
2867
1434
1204
1878
2093
1734
1506
1537
1640
1750
1905
3486
3869
2640
1321
1312
1957
2025
1663
1466
1536
1666
1741
1936
3463
3784
2286
1269
1447
2070
2043
1683
1501
1582
1701
2078
3638
3471
1964
1171
1562
2127
1969
1621
1540
1627
1851
3443
3798
2275
1194
1368
2010
2026
1686
1532
1586
1699
1920
3562
3869
2468
1308
1351
1978
2010
1662
1508
1561
1672
1780
2947
3869
2829
1465
1266
1881
2079
1725
1514
1545
1663
1843
3269
3720
2348
1285
1401
2023
2052
1694
1533
1601
1853
3346
3644
2185
1204
1417
2023
1998
1669
1554
1615
1724
2399
3868
3382
1846
1211
1653
2062
1856
1571
1525
1638
1758
2867
3868
2803
1476
1292
1917
2114
1729
1500
1555
1677
2391
3869
3168
1657
1166
1713
2086
1797
1523
1528
1637
1751
2856
3718
2531
1472
1410
1905
1987
1704
1545
1592
1694
2003
3202
3007
1872
1410
1718
2021
1887
1683
1642
1701
1776
2278
3239
2623
1744
1540
1892
2069
1861
1705
1721
1784
1829
1945
2885
3040
2117
1630
1778
2087
1998
1774
1733
1803
1873
1892
2060
3033
2945
2016
1598
1864
2148
1997
1785
1734
1801
1853
1875
2286
3382
2954
1971
1625
1934
2175
1955
1744
1693
1752
1831
1850
2156
3406
3220
2060
1565
1896
2232
1985
1682
1631
1721
1793
1991
3330
3514
2228
1444
1629
2111
2033
1690
1570
1636
1725
1773
1926
3346
3674
2343
1482
1605
2089
2035
1680
1555
1643
1755
1789
1902
3251
3680
2319
1385
1504
2079
2046
1692
1540
1602
1716
1784
1817
2754
3868
3013
1719
1429
1931
2158
1819
1536
1530
1643
1748
1787
1794
2657
3867
3010
1723
1414
1939
2210
1854
1555
1559
1676
1766
1992
3426
3605
2173
1286
1513
2102
2042
1676
1534
1601
1716
1789
2042
3577
3694
2256
1394
1617
2155
2015
1630
1536
1633
1756
1817
2470
3869
3269
1825
1327
1867
2149
1800
1522
1549
1680
1774
2305
3868
3591
2056
1300
1672
2113
1843
1502
1490
1620
1729
1779
1898
3422
3869
2652
1510
1495
2075
2022
1641
1505
1602
1745
1794
2019
3658
3830
2285
1289
1548
2079
1913
1541
1469
1580
1713
1778
1770
2395
3868
3701
2070
1319
1707
2077
1773
1459
1486
1636
1757
1803
1776
2577
3868
3397
1798
1249
1835
2188
1834
1520
1493
1603
1684
1728
1733
2550
3868
3790
2064
1292
1674
2074
1782
1457
1449
1602
1722
1750
1744
1902
3619
3868
2628
1416
1448
2042
1987
1588
1479
1592
1704
1769
1777
2661
3868
3053
1603
1238
1830
2117
1750
1482
1531
1649
1741
1784
1873
3301
3868
2580
1455
1430
1993
2053
1666
1484
1572
1710
1803
1823
2392
3831
3237
1841
1307
1770
2162
1898
1567
1520
1634
1758
1810
2656
3868
3167
1813
1355
1813
2088
1792
1518
1525
1643
1757
1795
2477
3869
3258
1833
1324
1788
2147
1838
1520
1517
1650
1760
2028
3644
3732
2257
1373
1531
2044
1958
1591
1478
1587
1700
1757
1766
2298
3865
3473
2021
1392
1728
2127
1910
1587
1544
1653
1747
1803
1812
2791
3809
2751
1626
1486
2039
2197
1791
1521
1534
1664
1768
2089
3593
3547
2102
1319
1581
2082
1915
1579
1505
1602
1735
1758
1761
2049
3483
3448
2096
1412
1669
2164
2108
1769
1589
1620
1736
1860
2986
3660
2449
1406
1423
2020
2096
1761
1564
1618
1733
1882
3102
3476
2266
1412
1549
2066
1984
1696
1604
1652
1723
2167
3414
2981
1766
1355
1744
2101
1972
1757
1767
1800
2470
3481
2682
1496
1267
1902
2121
1816
1607
1637
1748
2798
3869
2991
1610
1323
1920
2120
1786
1567
1572
1657
1732
2880
3794
2539
1348
1285
1882
2049
1780
1589
1575
1671
1745
1966
3161
3294
2130
1430
1681
2131
2057
1747
1612
1675
1901
3066
3205
2039
1320
1525
2032
2016
1778
1671
1712
1765
2402
3644
2988
1697
1314
1770
2137
1956
1693
1640
1703
1772
1803
2397
3633
3026
1736
1351
1783
2151
1998
1721
1671
1764
1842
1881
2238
3611
3384
1981
1354
1699
2219
2102
1724
1569
1625
1722
1793
2023
3368
3474
2129
1352
1542
2069
2078
1769
1619
1653
1736
1792
2070
3341
3290
2028
1388
1621
2093
2049
1759
1650
1696
1782
1833
2546
3418
2597
1584
1430
1913
2156
1922
1704
1706
1760
1863
2916
3421
2395
1524
1543
2035
2111
1857
1755
1809
1850
2257
3609
3233
1840
1230
1642
2104
1948
1669
1597
1666
1764
2022
3341
3335
2095
1444
1641
2076
1976
1695
1593
1667
1750
1803
2109
3251
3019
1989
1551
1803
2131
1989
1718
1656
1725
1804
1821
2508
3254
2502
1618
1547
2049
2188
1936
1773
1761
1798
1830
1966
3059
3423
2352
1609
1663
2108
2114
1821
1657
1683
1759
1896
3052
3557
2397
1500
1515
2021
2104
1802
1626
1656
1928
3243
3296
2060
1320
1588
2072
1986
1689
1590
1664
1918
3378
3544
2181
1353
1543
2064
2017
1708
1572
1623
1722
1828
3046
3810
2594
1472
1389
1958
2096
1749
1545
1571
1668
1751
1921
3279
3618
2267
1361
1499
2025
2024
1710
1573
1615
1707
1769
1930
3114
3396
2216
1439
1603
2107
2082
1756
1620
1668
1751
1867
2892
3368
2307
1463
1518
2012
2079
1821
1664
1684
1768
1827
2322
3442
2959
1829
1439
1813
2140
1971
1717
1666
1733
1795
1835
2476
3408
2726
1714
1504
1970
2185
1934
1703
1683
1765
1826
2583
3417
2626
1612
1448
1936
2133
1899
1693
1685
1756
1822
2568
3631
2880
1735
1456
1895
2148
1898
1678
1672
1738
1804
2255
3516
3146
1928
1425
1832
2193
1948
1667
1620
1694
1867
3076
3531
2338
1394
1479
2035
2065
1759
1646
1716
1789
1810
2737
3869
2998
1691
1311
1809
2086
1827
1576
1578
1672
1750
1874
3129
3646
2388
1415
1459
2015
2039
1721
1571
1632
1725
1795
2301
3496
3060
1841
1353
1798
2141
1921
1659
1610
1697
2294
3508
3013
1766
1292
1744
2089
1904
1653
1625
1699
1849
3060
3603
2397
1451
1470
1969
2015
1733
1583
1634
1719
2077
3303
3122
1931
1347
1707
2186
2037
1734
1660
1817
2976
3348
2180
1319
1503
2033
2002
1755
1618
1690
2553
3760
2911
1620
1297
1799
2070
1821
1591
1593
1728
2900
3756
2574
1406
1352
1924
2041
1760
1560
1558
1690
2603
3724
2763
1487
1241
1826
2093
1825
1600
1607
1705
1888
3068
3333
2153
1338
1531
2015
2017
1762
1647
1685
1765
1922
3017
3305
2206
1429
1561
2031
2052
1802
1687
1710
1783
2116
3224
3063
1957
1399
1690
2068
2008
1772
1695
1731
1787
2373
3489
2954
1830
1415
1784
2105
1949
1726
1698
1788
1964
3067
3537
2409
1471
1507
2013
2077
1801
1640
1669
1766
2639
3753
2873
1661
1365
1875
2096
1819
1603
1618
1722
2188
3546
3211
1857
1257
1658
2057
1902
1659
1607
1696
1811
2877
3493
2425
1437
1505
2039
2041
1745
1616
1679
1775
2299
3472
3107
1953
1413
1808
2040
1831
1651
1656
1732
2536
3571
2749
1576
1363
1940
2077
1784
1614
1652
1730
2362
3691
3052
1678
1265
1789
2087
1847
1618
1637
1748
2027
3412
3479
2063
1250
1659
2124
1944
1612
1534
1634
1813
3113
3769
2471
1361
1388
1978
2035
1724
1566
1612
1721
1897
3308
3759
2402
1331
1412
1993
2003
1689
1552
1606
1711
1777
2027
3503
3592
2176
1296
1578
2110
2006
1658
1566
1634
1726
1782
2269
3854
3511
1971
1226
1602
2101
1934
1619
1537
1628
1730
1779
1804
2500
3868
3181
1756
1284
1769
2131
1890
1613
1581
1672
1752
1785
1789
2470
3822
3164
1828
1430
1958
2256
1903
1557
1502
1624
1725
1786
1796
2124
3551
3440
2060
1339
1605
2098
2021
1718
1606
1658
1741
1785
1797
1892
2996
3579
2436
1503
1529
2032
2131
1851
1672
1704
1769
1798
1828
2012
3162
3315
2154
1441
1620
2083
2086
1788
1667
1708
1780
1799
1797
1865
2745
3354
2492
1685
1619
2120
2356
1994
1675
1686
1788
1849
2555
3536
2773
1626
1332
1829
2145
1944
1697
1674
1744
1800
2113
3378
3240
1974
1377
1706
2142
2037
1733
1653
1728
1793
1851
2310
3421
2983
1829
1405
1843
2195
1986
1721
1662
1731
1831
1860
1841
2426
3573
2985
1793
1437
1894
2178
1947
1687
1654
1745
1812
1830
1842
1859
2599
3539
2733
1728
1598
2180
2349
1926
1620
1627
1700
1781
1821
2127
3380
3261
2002
1396
1693
2140
2031
1729
1650
1714
1793
1834
1841
2084
3359
3377
2137
1477
1699
2133
2056
1740
1638
1704
1789
1825
1834
1840
1930
3038
3520
2418
1582
1621
2094
2169
1860
1677
1694
1776
1828
1840
1839
2336
3474
2996
1892
1555
2014
2293
1974
1667
1615
1684
1755
1805
1826
1853
2647
3609
2789
1743
1521
1943
2161
1912
1665
1671
1756
1812
1842
1846
1844
2210
3353
3102
2015
1578
1871
2214
2034
1740
1676
1750
1807
1849
1858
2393
3458
2938
1852
1494
1868
2164
1959
1705
1669
1745
1814
1848
1854
1852
2345
3565
3147
1991
1565
1860
2167
1982
1715
