1554
1609
1648
2004
3554
3872
3871
3872
2449
1574
1649
1726
1665
1576
1497
1409
1453
1500
1513
1576
2487
3871
3872
3873
3514
2061
1496
1546
1548
1497
1413
1401
1445
1425
1438
1446
1708
3314
3873
3872
3491
2165
1441
1488
1593
1513
1408
1393
1417
1448
1498
1510
1829
3502
3872
3872
3872
2607
1288
1285
1560
1588
1476
1420
1467
1486
1500
1482
1500
2642
3871
3873
3872
3872
1943
1185
1451
1576
1429
1266
1218
1229
1296
1337
1361
1676
3324
3872
3872
3402
2059
1358
1463
1630
1567
1445
1431
1504
1535
1533
1541
1558
2581
3872
3873
3873
3661
1763
1205
1487
1616
1481
1314
1286
1319
1340
1383
1417
1706
3374
3872
3873
3873
2819
1366
1309
1509
1484
1326
1253
1275
1297
1316
1348
1394
2310
3871
3872
3873
3012
1673
1347
1466
1421
1306
1273
1246
1273
1312
1334
1339
1442
2814
3872
3871
3248
2139
1426
1441
1509
1440
1368
1369
1363
1406
1436
1528
1568
2473
3872
3872
3872
3185
1662
1318
1503
1596
1556
1479
1433
1432
1481
1531
1471
1727
3462
3872
3872
3873
2572
1375
1443
1602
1517
1367
1307
1311
1380
1443
1445
1448
2520
3872
3872
3872
2756
1608
1422
1549
1463
1406
1341
1326
1356
1393
1455
1497
2505
3873
3872
3873
2988
1549
1325
1580
1628
1516
1507
1539
1508
1371
1364
1473
2178
3871
3873
3873
3873
2703
1301
1474
1799
1659
1370
1249
1378
1401
1331
1332
1645
3295
3872
3873
3708
2162
1388
1787
1950
1475
1132
1517
1867
1686
1209
1145
2422
3873
3873
3873
3546
1783
1154
1326
1423
1302
1253
1302
1340
1246
1367
1413
2270
3871
3872
3872
2636
1417
1234
1454
1480
1344
1249
1243
1374
1464
1420
1838
3673
3873
3874
3873
2379
1403
1412
1665
1658
1426
1269
1414
1569
1586
1534
2736
3873
3874
3873
3872
2461
1063
1229
1466
1441
1368
1296
1261
1259
1305
1411
2868
3873
3873
3872
2547
1169
1057
1302
1367
1253
1174
1217
1299
1354
1350
1662
3385
3873
3872
2873
1600
1224
1508
1605
1506
1373
1358
1454
1527
1514
1825
3542
3873
3873
2950
1561
1293
1579
1604
1440
1357
1392
1469
1547
1552
1785
3616
3872
3873
3873
2934
1153
1046
1352
1406
1317
1323
1361
1399
1480
1517
2245
3873
3873
3874
3873
2098
749
986
1329
1323
1274
1303
1361
1400
1466
1518
2450
3872
3874
3873
3358
1423
875
1247
1468
1405
1347
1374
1439
1494
1507
1557
2728
3872
3873
3873
2480
1193
1159
1476
1440
1364
1382
1449
1478
1446
1447
2352
3873
3873
3630
2489
1480
1357
1553
1492
1379
1346
1372
1390
1410
1495
1805
3447
3873
3873
2994
1830
1357
1481
1565
1459
1302
1293
1348
1401
1433
1406
2028
3752
3872
3335
2369
1603
1485
1549
1478
1414
1395
1404
1389
1364
1402
1546
2997
3872
3537
2751
1932
1541
1567
1534
1437
1412
1426
1489
1527
1536
1516
2090
3867
3873
3872
3320
1812
1364
1556
1649
1555
1478
1469
1499
1521
1548
1527
2285
3872
3872
3872
3159
1740
1387
1616
1633
1532
1476
1413
1393
1411
1464
1494
2411
3872
3873
3521
2472
1561
1464
1584
1499
1372
1340
1379
1432
1440
1452
1569
2903
3872
3874
3318
2224
1404
1418
1576
1535
1457
1385
1411
1472
1465
1428
1435
2484
3873
3872
3872
2915
1563
1342
1559
1583
1474
1418
1417
1397
1399
1448
1458
2024
3797
3873
3873
3798
2003
1268
1422
1504
1428
1374
1354
1376
1389
1410
1402
1605
3198
3872
3873
3331
1950
1366
1538
1567
1372
1358
1406
1380
1385
1433
1448
1616
3123
3873
3872
3778
2281
1334
1414
1623
1574
1471
1426
1442
1446
1451
1481
1499
2513
3873
3873
3873
3389
1647
1269
1551
1630
1491
1382
1356
1359
1419
1467
1463
2049
3822
3872
3873
3813
2017
1287
1431
1490
1409
1358
1384
1393
1398
1430
1448
1803
3549
3872
3873
3188
1796
1374
1568
1593
1479
1404
1408
1483
1512
1513
1492
1706
3357
3873
3872
3872
3004
1270
1180
1502
1541
1455
1408
1432
1438
1425
1413
1490
2549
3872
3872
3873
3767
1702
1131
1449
1565
1434
1325
1315
1313
1315
1393
1406
1771
3513
3873
3872
3585
1978
1231
1382
1491
1416
1306
1302
1342
1377
1370
1365
1706
3434
3872
3873
3060
1823
1308
1484
1558
1494
1410
1415
1452
1494
1523
1501
1690
3297
3873
3874
3873
2707
1364
1375
1600
1564
1482
1452
1463
1466
1440
1406
1504
2902
3874
3873
3873
3189
1585
1309
1504
1481
1313
1285
1399
1378
1286
1325
1533
3114
3873
3873
3573
2056
1264
1416
1542
1455
1388
1406
1440
1449
1477
1464
1939
3807
3872
3873
3873
2376
1117
1324
1560
1538
1440
1406
1417
1509
1541
1455
1846
3750
3873
3874
3874
2886
1230
1223
1516
1468
1278
1226
1277
1346
1361
1296
1616
3402
3872
3873
3362
1990
1441
1514
1516
1379
1285
1313
1374
1441
1523
1504
1713
3446
3873
3874
3873
2583
1140
1221
1565
1532
1363
1341
1398
1417
1390
1308
1462
3067
3872
3873
3804
2373
1315
1282
1437
1383
1279
1274
1293
1300
1324
1368
1495
2961
3872
3872
3288
2050
1319
1403
1525
1482
1375
1288
1298
1338
1394
1424
1848
3642
3873
3873
3401
1839
1309
1533
1555
1397
1300
1322
1431
1507
1526
1513
2086
3873
3873
3873
3873
2672
1156
1187
1460
1506
1437
1418
1456
1529
1533
1489
1933
3824
3873
3873
3873
2688
1191
1222
1533
1549
1455
1351
1282
1294
1384
1380
1698
3548
3873
3874
3871
1916
1060
1307
1462
1366
1278
1262
1305
1378
1398
1407
2421
3872
3874
3873
3721
1598
986
1325
1482
1410
1337
1381
1433
1473
1475
1430
2210
3873
3873
3873
3874
2477
1023
1181
1467
1455
1375
1372
1415
1365
1320
1318
1557
3301
3873
3874
3873
2557
1119
1124
1369
1344
1203
1168
1238
1281
1300
1292
1457
3049
3874
3535
2670
1660
1261
1464
1538
1423
1341
1325
1361
1420
1502
1495
1710
3325
3872
3872
3680
2223
1346
1466
1597
1553
1485
1483
1514
1513
1519
1523
1559
2753
3873
3874
3873
3568
1832
1317
1422
1492
1458
1410
1383
1365
1398
1447
1468
2337
3873
3873
3629
2488
1494
1365
1545
1553
1399
1343
1370
1424
1484
1509
1514
2527
3873
3872
3873
2774
1525
1364
1552
1521
1401
1412
1466
1469
1492
1525
1498
2162
3797
3873
3873
3037
1785
1423
1614
1673
1556
1465
1438
1400
1383
1380
1370
1643
3196
3872
3872
3281
2168
1503
1569
1642
1505
1402
1373
1354
1346
1362
1414
1715
3348
3873
3873
3072
1938
1405
1506
1576
1499
1457
1476
1496
1499
1518
1531
1850
3570
3872
3873
3872
2629
1309
1375
1615
1573
1443
1428
1443
1420
1402
1416
1716
3508
3873
3873
3873
2319
1269
1402
1528
1420
1323
1340
1398
1397
1367
1320
2126
3873
3873
3874
2593
1463
1398
1554
1488
1365
1361
1400
1491
1478
1465
1542
2880
3872
3873
3874
3113
1436
1205
1537
1626
1483
1356
1377
1455
1460
1371
1461
2879
3873
3873
3874
3318
1497
1120
1360
1369
1253
1271
1293
1202
1287
1467
1579
2642
3873
3873
3686
2221
1123
1206
1439
1394
1308
1281
1268
1273
1287
1296
1741
3470
3872
3416
2424
1387
1194
1443
1487
1380
1284
1324
1404
1446
1419
1375
2261
3872
3873
3872
3298
1684
1166
1400
1502
1394
1335
1390
1458
1488
1508
1502
1855
3738
3872
3872
3873
2757
1280
1279
1566
1549
1418
1408
1448
1539
1575
1533
1503
2668
3873
3872
3873
2836
1441
1302
1527
1522
1429
1439
1472
1471
1465
1480
1534
2568
3872
3873
3234
2196
1430
1403
1500
1432
1340
1353
1391
1387
1432
1424
1717
3565
3872
3872
3499
2093
1463
1500
1536
1536
1531
1506
1456
1473
1530
1537
1649
3311
3872
3874
3873
2499
1409
1394
1540
1526
1461
1432
1469
1474
1506
1617
1694
2986
3872
3873
3873
2526
1417
1357
1543
1612
1486
1477
1515
1491
1455
1457
1482
2490
3872
3873
3801
2660
1621
1410
1479
1448
1408
1393
1426
1466
1461
1450
1436
2139
3873
3873
3873
2758
1562
1363
1555
1578
1520
1439
1417
1453
1489
1506
1531
2691
3873
3873
3873
3090
1493
1290
1563
1552
1445
1384
1375
1400
1450
1462
1432
2295
3873
3872
3874
3873
2045
1126
1323
1495
1421
1335
1362
1382
1379
1418
1427
1658
3413
3874
3874
3873
2278
1161
1308
1506
1461
1353
1286
1306
1359
1400
1421
1461
2712
3873
3873
3874
2664
1328
1288
1576
1585
1443
1370
1386
1420
1448
1449
1456
1688
3386
3874
3873
3873
2406
1075
1222
1552
1482
1335
1256
1295
1324
1333
1352
1392
1600
3120
3873
3873
3412
2122
1298
1379
1540
1448
1361
1350
1372
1410
1448
1457
1467
1738
3359
3873
3872
3566
2070
1365
1507
1605
1503
1435
1394
1423
1467
1484
1494
1495
2007
3849
3873
3873
3872
2231
1259
1407
1610
1566
1450
1396
1431
1448
1523
1545
1401
1488
3230
3872
3873
3873
2338
1474
1520
1612
1522
1493
1464
1370
1394
1475
1516
1513
1666
3252
3872
3872
3874
2676
1515
1449
1634
1594
1508
1476
1485
1484
1576
1627
1612
1691
3166
3873
3873
3873
3094
1575
1417
1668
1680
1546
1479
1520
1571
1588
1563
1553
1632
2893
3873
3874
3873
3367
1713
1453
1659
1643
1408
1257
1257
1304
1339
1378
1492
1559
2800
3873
3873
3874
3573
1679
1339
1468
1614
1594
1399
1199
1107
1132
1202
1251
1370
2550
3873
3873
3468
2244
1336
1308
1445
1416
1365
1366
1370
1388
1414
1417
1436
1859
3711
3873
3874
3092
1600
1249
1497
1544
1453
1448
1463
1472
1494
1517
1523
1716
3608
3874
3874
3873
3874
1675
1158
1519
1599
1502
1472
1497
1480
1529
1546
1535
2537
3873
3873
3874
3873
3005
1147
1182
1485
1478
1368
1295
1341
1452
1474
1506
1495
2704
3875
3873
3873
3874
2373
943
1171
1465
1437
1322
1319
1359
1386
1433
1443
1438
2598
3874
3874
3874
3874
1435
800
1233
1447
1345
1293
1354
1424
1421
1412
1391
1495
3188
3874
3873
3872
1992
958
1169
1492
1498
1398
1342
1369
1411
1410
1426
1434
1675
3529
3874
3874
3873
2109
995
1171
1435
1402
1338
1356
1366
1407
1430
1409
1414
1636
3341
3873
3874
3873
2339
1199
1250
1456
1442
1381
1314
1378
1388
1401
1464
1465
1668
3342
3873
3873
3439
1991
1221
1378
1543
1493
1376
1342
1375
1428
1456
1494
1491
2135
3872
3874
3874
3572
1852
1237
1469
1594
1501
1412
1425
1449
1456
1474
1476
1473
2420
3873
3874
3874
3729
1863
1209
1434
1578
1496
1416
1377
1398
1453
1461
1479
1510
2549
3873
3873
3873
3225
1559
1207
1528
1572
1466
1387
1406
1460
1443
1458
1481
1607
3161
3872
3873
3439
1996
1243
1387
1533
1458
1385
1384
1412
1468
1479
1508
1532
2551
3874
3874
3872
3265
1522
1185
1514
1626
1533
1450
1442
1435
1434
1449
1449
1558
3121
3872
3874
3874
2992
1382
1199
1524
1603
1481
1404
1416
1460
1482
1466
1462
1816
3746
3873
3874
3874
2344
1122
1281
1577
1555
1410
1382
1429
1446
1449
1486
1524
2569
3873
3874
3874
2682
1318
1242
1563
1594
1458
1362
1382
1463
1495
1514
1486
1976
3829
3873
3873
3051
1582
1088
1374
1566
1500
1442
1393
1376
1393
1431
1465
1642
3388
3873
3873
3873
3069
1244
1123
1447
1484
1392
1345
1334
1401
1467
1433
1418
1903
3866
3873
3873
3873
2275
1076
1243
1517
1501
1397
1352
1344
1362
1434
1514
1965
3749
3873
3875
3769
1950
1018
1193
1390
1333
1348
1329
1335
1372
1439
1508
2369
3873
3873
3873
2593
1382
1274
1562
1617
1497
1437
1437
1470
1484
1507
1642
3161
3874
3873
3504
1967
1198
1360
1544
1496
1391
1371
1385
1394
1434
1458
2373
3873
3874
3874
3299
1477
1078
1419
1520
1398
1321
1318
1340
1443
1473
1528
3090
3873
3873
3835
2304
1165
1176
1452
1444
1372
1375
1447
1478
1582
1607
1868
3586
3873
3874
3336
1951
1248
1369
1541
1529
1504
1504
1535
1580
1618
1628
2332
3873
3874
3873
2718
1554
1358
1620
1683
1548
1428
1419
1476
1531
1523
2329
3873
3874
3784
2471
1376
1295
1498
1494
1393
1378
1450
1533
1548
1491
1765
3613
3874
3874
3631
1996
1160
1335
1500
1426
1338
1322
1337
1378
1440
1468
2352
3874
3874
3873
2803
1448
1224
1520
1523
1402
1337
1341
1415
1475
1500
1577
2941
3873
3873
3873
2396
1263
1339
1598
1602
1502
1449
1445
1522
1548
1524
2106
3873
3874
3874
2864
1476
1310
1551
1565
1465
1439
1456
1507
1524
1525
1618
3273
3874
3875
3874
3136
1208
1075
1457
1486
1428
1383
1394
1413
1462
1462
1498
2897
3873
3873
3875
3465
1327
989
1379
1433
1330
1301
1320
1352
1381
1401
1391
1918
3871
3874
3874
3797
1762
950
1276
1511
1407
1339
1379
1431
1445
1491
1477
1618
3266
3874
3874
3646
1921
1110
1354
1617
1548
1435
1403
1443
1497
1469
1471
1642
3276
3873
3874
3269
1763
1124
1367
1544
1460
1382
1376
1421
1477
1480
1460
1532
3044
3872
3874
3874
2780
1203
1161
1473
1464
1329
1297
1327
1359
1375
1395
1393
1855
3687
3873
3873
3085
1649
1072
1310
1480
1441
1348
1335
1362
1408
1455
1495
1492
2301
3872
3874
3873
2850
1576
1315
1524
1577
1455
1364
1395
1461
1509
1538
1556
1616
2882
3873
3873
3874
2589
1417
1412
1633
1597
1443
1416
1425
1426
1429
1497
1527
2404
3872
3874
3873
2733
1509
1294
1491
1518
1413
1381
1424
1532
1553
1582
1596
1814
3591
3873
3873
3873
2439
1248
1310
1511
1503
1428
1388
1406
1441
1449
1490
1517
2533
3873
3873
3873
3342
1702
1267
1476
1519
1433
1356
1370
1418
1442
1484
1494
1787
3539
3873
3873
3789
2151
1258
1435
1609
1503
1418
1406
1441
1440
1448
1456
1654
3337
3873
3874
3337
1921
1269
1424
1556
1528
1427
1427
1445
1432
1457
1475
1513
2737
3873
3874
3873
3592
1617
1122
1438
1588
1512
1436
1401
1401
1396
1425
1446
1639
3365
3873
3874
3873
3193
1344
1137
1463
1513
1407
1360
1373
1391
1418
1457
1456
2325
3873
3873
3873
3502
1611
1082
1412
1544
1454
1340
1346
1404
1445
1424
1376
2016
3868
3873
3874
2886
1502
1260
1535
1543
1390
1367
1411
1445
1462
1504
1477
1646
3387
3875
3875
3874
3182
1293
1090
1441
1577
1460
1368
1353
1353
1403
1407
1410
2225
3872
3873
3874
3874
2218
1092
1263
1456
1401
1332
1307
1374
1408
1422
1420
1605
3329
3874
3874
3873
2308
1096
1212
1526
1478
1365
1356
1437
1459
1426
1404
1481
3047
3873
3873
3873
2283
1191
1304
1541
1495
1397
1418
1476
1491
1486
1481
1480
2808
3873
3875
3874
3873
1618
949
1377
1562
1487
1385
1348
1333
1364
1405
1409
2055
3874
3874
3873
3875
2180
973
1182
1482
1475
1366
1301
1299
1382
1431
1406
1583
3361
3873
3875
3873
2196
1011
1231
1502
1469
1358
1323
1357
1406
1442
1403
1553
3205
3873
3874
3532
1853
1092
1438
1634
1495
1366
1367
1454
1498
1548
1497
1624
3386
3873
3874
3875
2969
1189
1079
1492
1543
1422
1328
1333
1395
1436
1440
1594
3335
3873
3874
3873
2847
1167
1078
1451
1502
1364
1275
1274
1343
1413
1421
1587
3202
3873
3874
3874
2258
1113
1282
1534
1449
1357
1374
1421
1430
1452
1448
2073
3862
3873
3873
2873
1487
1230
1485
1521
1430
1375
1381
1433
1506
1502
1579
3034
3874
3873
3875
3874
1610
923
1311
1489
1456
1447
1471
1518
1542
1547
1559
2893
3873
3874
3874
3873
1957
890
1238
1456
1396
1301
1325
1442
1512
1544
1612
3084
3875
3875
3874
3344
1183
913
1366
1477
1371
1307
1352
1455
1490
1438
1952
3874
3874
3874
3691
1549
873
1249
1449
1322
1267
1317
1450
1571
1571
1534
2247
3873
3874
3875
3875
1800
683
1083
1429
1411
1353
1331
1371
1393
1424
1457
1919
3792
3874
3875
3865
1829
905
1183
1394
1339
1255
1279
1343
1396
1429
1461
1736
3471
3873
3873
3146
1654
1049
1325
1480
1397
1295
1329
1427
1451
1480
1459
2014
3870
3873
3874
3302
1589
1002
1286
1453
1420
1421
1452
1487
1549
1569
1531
2052
3874
3874
3873
3874
2024
911
1234
1517
1473
1416
1381
1401
1424
1481
1481
1683
3345
3874
3873
3874
2375
1156
1235
1500
1500
1377
1305
1348
1433
1462
1462
1597
3223
3873
3874
2936
1666
1234
1488
1559
1419
1456
1557
1439
1340
1454
1542
2106
3873
3874
3874
3874
2016
1132
1269
1440
1449
1406
1435
1519
1521
1466
1488
2240
3874
3873
3873
3874
2083
1016
1322
1552
1460
1340
1374
1591
1673
1548
1699
3699
3873
3874
3875
3874
1878
1081
1313
1424
1481
1484
1489
1578
1582
1542
3343
3876
3875
3876
3874
2992
1078
934
1721
1655
1300
1342
1709
1758
1616
2752
3875
3875
3876
3874
1640
759
1154
1331
1382
1431
1228
1141
1451
1551
1868
3875
3875
3876
3876
1526
554
828
1041
1182
1468
1587
1397
1340
1536
1845
3669
3875
3876
3585
1480
977
1373
1615
1458
1292
1251
1410
1472
1309
1886
3875
3874
3876
3316
1407
1084
1559
1697
1503
1421
1533
1584
1572
1577
1957
3874
3875
3876
3876
1916
666
1014
1471
1551
1386
1269
1298
1371
1504
1584
2947
3875
3876
3874
1936
766
894
1332
1270
1025
1125
1291
1281
1219
1208
1637
3665
3875
3874
3276
1298
813
1236
1511
1418
1204
1360
1478
1507
1564
1389
2259
3875
3874
3873
2225
851
1023
1528
1631
1293
1136
1358
1562
1478
1397
2504
3875
3874
3874
3874
1540
930
1349
1605
1465
1357
1391
1383
1482
1659
2086
3874
3875
3874
3874
2188
748
1113
1594
1574
1444
1436
1386
1462
1540
1568
3241
3874
3874
3874
2180
818
975
1433
1611
1555
1518
1531
1484
1413
1323
2139
3873
3873
3552
2130
1242
1357
1670
1768
1744
1606
1486
1536
1571
1584
2444
3873
3875
3658
1980
1070
1304
1665
1682
1537
1425
1450
1493
1487
2384
3875
3874
2970
1529
1076
1422
1626
1499
1369
1451
1528
1564
1560
1566
3201
3874
3875
3874
2620
929
1019
1504
1559
1494
1441
1494
1581
1637
1615
2932
3875
3876
3874
3876
1806
701
1234
1621
1595
1505
1518
1525
1572
1585
1579
3069
3874
3875
3875
2048
799
1019
1473
1525
1457
1400
1464
1488
1503
1486
1437
2103
3687
3874
3010
2047
1319
1192
1397
1536
1476
1463
1485
1488
1490
1519
1552
1550
2082
3176
3356
2804
2140
1598
1541
1675
1702
1688
1672
1635
1652
1702
1752
1800
1831
2188
3112
3425
3006
2457
1969
1822
1879
1868
1774
1713
1712
1750
1749
1721
1687
1714
2433
3329
3388
2873
2248
1807
1775
1845
1798
1758
1705
1721
1796
1807
1770
1765
1793
2461
3404
3467
2919
2312
1812
1740
1790
1731
1701
1699
1698
1701
1718
1779
1789
1771
2286
3290
3446
2953
2325
1785
1677
1756
1778
1751
1738
1738
1762
1747
1787
1784
1790
2226
3295
3568
3050
2337
1747
1619
1668
1643
1596
1563
1567
1608
1627
1671
1712
1650
2075
3244
3443
2848
2184
1664
1554
1642
1645
1609
1631
1641
1636
1630
1713
1750
1719
2163
3237
3404
2834
2251
1742
1639
1725
1719
1682
1666
1648
1673
1713
1730
1731
1724
2273
3386
3516
2983
2362
1783
1717
1747
1741
1810
1767
1759
1715
1727
1800
1836
1803
2711
3825
3635
2894
2118
1592
1591
1740
1758
1643
1639
1664
1676
1664
1685
1713
1910
3160
3708
3097
2342
1714
1458
1524
1631
1644
1635
1607
1620
1623
1683
1701
1707
2236
3343
3408
2814
2175
1693
1642
1764
1804
1747
1653
1603
1604
1630
1689
1738
1785
2695
3466
3132
2484
1886
1563
1665
1742
1712
1664
1687
1720
1767
1783
1728
1764
2815
3676
3281
2513
1812
1490
1647
1728
1650
1714
1810
1705
1570
1630
1697
1748
2852
3873
3570
2768
1986
1413
1463
1658
1645
1560
1581
1639
1672
1668
1655
1658
2476
3770
3613
2767
2031
1467
1457
1626
1661
1588
1576
1634
1677
1744
1750
1721
2101
3384
3774
3120
2313
1660
1470
1600
1667
1641
1652
1650
1623
1647
1683
1607
1992
3253
3533
2821
2059
1450
1358
1578
1679
1602
1573
1608
1628
1654
1679
1696
1840
3011
3767
3352
2586
1832
1465
1528
1674
1648
1567
1591
1597
1644
1642
1645
1655
2185
3539
3758
3045
2286
1663
1496
1663
1724
1703
1712
1711
1729
1716
1732
1745
1741
2482
3645
3578
2780
2015
1474
1496
1686
1720
1648
1663
1675
1655
1676
1706
1663
1869
3057
3511
2908
2215
1603
1395
1533
1626
1537
1524
1518
1553
1565
1572
1587
1633
2438
3556
3512
2833
2138
1500
1458
1661
1697
1609
1585
1606
1643
1645
1668
1680
1696
2644
3657
3451
2753
2047
1565
1584
1756
1796
1669
1619
1646
1686
1702
1725
1730
1949
3149
3693
3270
2600
1923
1606
1731
1814
1789
1756
1750
1713
1700
1710
1795
1790
2584
3565
3337
2654
2015
1599
1679
1784
1729
1650
1655
1640
1675
1695
1666
1669
2042
3370
3753
3231
2534
1766
1537
1747
1790
1731
1650
1638
1650
1663
1681
1705
1713
2298
3590
3729
3111
2410
1757
1618
1709
1718
1667
1649
1644
1668
1684
1677
1687
1799
2929
3858
3534
2859
2140
1642
1711
1820
1770
1689
1614
1608
1670
1683
1667
1640
2145
3534
3743
3092
2348
1644
1538
1751
1749
1626
1540
1597
1658
1614
1668
1676
1720
2917
3873
3628
2954
2158
1562
1622
1727
1676
1582
1603
1629
1608
1622
1647
1654
1778
3122
3873
3762
2975
2035
1444
1533
1677
1614
1554
1557
1574
1613
1632
1632
1635
1782
3048
3873
3849
3021
2046
1465
1558
1677
1636
1586
1596
1603
1566
1582
1655
1628
1884
3295
3868
3346
2539
1739
1411
1521
1595
1573
1483
1472
1498
1545
1534
1528
1576
2595
3745
3661
2941
2077
1445
1451
1600
1583
1550
1527
1523
1556
1529
1546
1604
1747
2938
3838
3577
2868
2021
1490
1546
1659
1597
1533
1543
1588
1631
1629
1648
1690
1892
3205
3873
3784
3005
2069
1587
1694
1815
1779
1680
1622
1650
1660
1685
1679
1709
2594
3783
3676
2963
2124
1566
1580
1635
1646
1551
1539
1574
1586
1621
1656
1617
2038
3517
3872
3485
2653
1768
1472
1609
1684
1628
1545
1541
1621
1632
1637
1613
1613
2322
3758
3874
3425
2601
1709
1477
1671
1700
1581
1546
1605
1609
1626
1683
1735
1788
2796
3873
3873
3421
2439
1593
1551
1740
1720
1618
1569
1600
1630
1617
1619
1636
2022
3499
3873
3377
2593
1729
1431
1583
1654
1586
1518
1519
1509
1558
1627
1634
1719
2988
3873
3872
3204
2241
1497
1478
1604
1618
1552
1572
1648
1728
1780
1771
1744
2157
3749
3874
3873
3312
1902
1415
1629
1653
1532
1461
1466
1477
1475
1491
1477
1876
3562
3874
3798
2814
1669
1334
1527
1594
1564
1466
1488
1561
1551
1566
1584
1861
3525
3873
3874
3873
2322
1342
1517
1730
1698
1615
1648
1705
1680
1735
1756
1758
3156
3874
3874
3874
3875
1951
1065
1449
1701
1675
1548
1540
1591
1652
1668
1786
3625
3875
3875
3876
3875
1318
924
1498
1692
1596
1537
1567
1653
1660
1678
1717
3297
3874
3875
3876
3875
1646
745
1276
1596
1556
1491
1452
1493
1553
1578
1553
2172
3876
3875
3875
3876
2024
666
1022
1493
1527
1489
1482
1524
1536
1574
1572
1642
3148
3875
3875
3876
2250
699
894
1403
1484
1341
1309
1364
1447
1514
1534
1496
2110
3875
3876
3875
3013
1159
718
1165
1428
1442
1394
1387
1463
1509
1532
1551
1575
2423
3874
3874
3750
2243
1142
1036
1368
1497
1431
1413
1441
1489
1502
1515
1544
1572
2506
3873
3874
3180
2081
1313
1304
1471
1512
1465
1443
1445
1471
1482
1521
1517
1893
3584
3875
3572
2465
1550
1284
1488
1565
1471
1464
1501
1507
1553
1595
1603
1595
2364
3873
3874
3410
2294
1427
1299
1508
1530
1475
1441
1473
1506
1532
1569
1601
1610
2399
3874
3874
3203
2200
1419
1393
1600
1652
1580
1527
1538
1549
1541
1584
1588
1758
3197
3873
3360
2500
1669
1381
1515
1600
1528
1476
1497
1560
1565
