1936
1933
1930
1935
1962
2465
2570
2115
1931
1943
2022
1990
1915
1905
1932
1956
1946
1988
2471
2446
2026
1872
1960
2034
1964
1909
1916
1935
1948
1942
2153
2613
2305
1992
1923
2003
2020
1944
1907
1918
1942
1952
1948
2274
2598
2226
1966
1903
2021
2014
1909
1890
1938
1956
1940
2057
2546
2363
2002
1871
1974
2039
1952
1894
1912
1940
1959
2378
2506
2086
1859
1916
2027
1981
1906
1902
1935
1947
2246
2556
2189
1894
1875
2017
2009
1919
1895
1930
1953
1950
1969
2465
2522
2084
1888
1941
2045
2021
1953
1926
1935
1949
1957
1947
2284
2650
2230
1909
1883
2012
2025
1912
1877
1911
1948
1950
1963
2420
2498
2039
1821
1904
2042
1987
1903
1898
1930
1953
1963
2317
2448
2052
1842
1923
2048
2009
1924
1921
1944
1957
2109
2462
2227
1901
1879
2039
2060
1964
1926
1946
1973
2310
2431
2061
1838
1934
2065
2010
1934
1931
1956
1984
2384
2464
2056
1860
1963
2078
1997
1923
1930
1958
1973
2356
2516
2115
1879
1953
2071
2008
1918
1927
1962
1970
2127
2571
2303
1955
1877
2018
2029
1937
1900
1936
1958
1996
2459
2450
2031
1848
1971
2044
1957
1897
1922
1958
1970
2358
2487
2090
1861
1953
2059
1979
1898
1917
1953
1957
2253
2617
2236
1906
1888
2047
2012
1911
1906
1939
1951
2008
2549
2455
1984
1822
1956
2030
1930
1864
1896
1945
1944
1966
2481
2481
2021
1825
1959
2045
1954
1887
1908
1950
1963
1948
2265
2612
2201
1865
1894
2068
2027
1912
1899
1947
1973
1986
2470
2545
2077
1836
1946
2070
1977
1893
1910
1965
1993
2009
2566
2632
2096
1844
1936
2059
1965
1870
1890
1936
1952
1947
2460
2757
2200
1841
1887
2050
1978
1866
1878
1928
1945
1929
2398
2813
2246
1821
1835
2032
1982
1862
1857
1916
1937
1920
2344
2812
2255
1788
1818
2041
2003
1872
1853
1910
1930
2007
2684
2602
1978
1733
1946
2046
1906
1833
1876
1926
1935
1927
2470
2888
2273
1838
1828
2024
1978
1844
1844
1906
1933
1908
2188
2884
2477
1913
1765
1969
2014
1862
1827
1878
1925
1919
1962
2648
2656
2029
1750
1915
2051
1937
1838
1870
1925
1926
2124
2779
2474
1922
1775
1979
2021
1890
1840
1882
1929
1929
1938
2601
2818
2200
1849
1855
2014
1948
1835
1848
1901
1925
1910
1992
2746
2674
2061
1786
1897
2015
1905
1831
1861
1907
1925
1909
2023
2709
2548
1981
1784
1955
2035
1905
1843
1882
1932
1931
2023
2649
2510
1982
1778
1950
2031
1915
1852
1892
1935
1939
1927
2340
2755
2284
1894
1862
2018
1992
1882
1873
1919
1941
1937
1915
2199
2744
2381
1951
1849
1996
2012
1902
1871
1909
1941
1932
1990
2554
2498
2022
1814
1961
2049
1942
1874
1906
1939
1949
2365
2613
2174
1846
1887
2038
1974
1878
1892
1940
1954
1937
2114
2707
2469
2018
1855
1975
2017
1914
1872
1915
1949
1937
2025
2623
2522
2036
1832
1951
2029
1928
1870
1909
1946
1932
2250
2665
2277
1896
1847
2008
1990
1890
1879
1918
1945
1943
1924
2229
2757
2394
1995
1857
1969
1989
1898
1872
1908
1941
1937
1919
2058
2665
2482
2031
1850
1946
2018
1925
1878
1907
1949
1947
1923
2249
2667
2286
1917
1844
2003
1998
1889
1874
1924
1953
1936
1988
2583
2574
2103
1878
1917
2014
1944
1876
1897
1936
1948
1934
2256
2695
2326
1960
1859
1982
1997
1900
1874
1922
1948
1938
2123
2634
2365
1949
1838
2006
2030
1915
1883
1921
1945
2148
2625
2343
1926
1822
1995
2012
1902
1878
1923
1948
1942
2357
2711
2275
1930
1866
2001
1978
1882
1880
1930
1942
1932
2361
2672
2230
1894
1871
2019
1983
1889
1895
1934
1940
2137
2654
2377
1945
1822
1991
2016
1908
1876
1922
1946
2002
2603
2592
2089
1824
1910
2014
1925
1854
1889
1930
1937
1918
2405
2760
2278
1893
1838
1986
1966
1866
1866
1912
1923
2030
2631
2512
2001
1778
1940
2027
1913
1853
1892
1924
1970
2548
2626
2089
1787
1889
2020
1933
1852
1870
1922
1936
1934
2473
2757
2220
1853
1851
2004
1964
1860
1858
1909
1940
1932
1915
2362
2764
2276
1867
1845
2022
1998
1881
1869
1924
1954
1931
2050
2644
2468
1952
1785
1970
2032
1919
1859
1894
1937
1944
1941
2439
2658
2164
1840
1877
2037
1981
1872
1877
1927
1945
1943
1928
2031
2635
2534
2041
1849
1956
2045
1948
1877
1903
1944
1957
1945
1943
2388
2599
2151
1859
1906
2060
2003
1895
1897
1945
1957
2050
2548
2416
1981
1820
1972
2052
1943
1880
1922
1961
1961
2345
2629
2207
1878
1900
2051
1999
1892
1903
1954
1957
2086
2598
2424
1991
1849
2010
2052
1934
1896
1931
1951
2241
2640
2268
1871
1860
2040
2004
1889
1891
1940
1947
2128
2695
2445
1984
1827
1984
2016
1903
1870
1918
1946
1937
2294
2741
2325
1917
1839
2005
1986
1874
1868
1916
1945
1931
1952
2543
2655
2132
1827
1922
2046
1951
1866
1886
1935
1928
1986
2585
2565
2049
1790
1921
2020
1919
1854
1892
1935
1939
1918
2025
2697
2590
2066
1826
1921
2014
1919
1853
1884
1921
1928
1922
1916
2050
2709
2570
2054
1838
1942
2034
1935
1862
1892
1939
1951
1933
1973
2566
2574
2053
1804
1923
2037
1947
1867
1895
1937
1951
1932
2098
2669
2438
1984
1836
1968
2023
1918
1871
1908
1947
1953
1938
1988
2572
2570
2077
1854
1933
2044
1962
1879
1900
1948
1957
1943
2322
2597
2176
1848
1885
2050
2003
1898
1899
1942
1953
2056
2572
2429
1991
1827
1982
2042
1941
1883
1925
1962
1958
2008
2565
2539
2075
1865
1949
2037
1955
1883
1913
1953
1949
2103
2604
2376
1961
1839
1994
2040
1934
1895
1928
1948
2144
2606
2326
1916
1833
2003
2016
1910
1887
1930
1954
1980
2505
2590
2117
1862
1914
2020
1953
1876
1898
1939
1946
1980
2524
2569
2097
1847
1918
2027
1950
1879
1901
1944
1946
2264
2615
2225
1862
1858
2027
1993
1890
1892
1934
1944
2160
2628
2334
1931
1833
1987
2004
1908
1883
1924
1952
1946
2364
2642
2204
1879
1873
2019
1986
1887
1891
1937
1951
1982
2498
2524
2053
1818
1949
2051
1954
1884
1913
1952
2008
2520
2506
2036
1804
1947
2039
1943
1878
1910
1952
1947
2178
2681
2364
1947
1840
1991
2014
1912
1885
1926
1949
1957
2414
2592
2134
1834
1911
2052
1977
1893
1908
1934
2005
2521
2503
2030
1802
1948
2042
1936
1876
1910
1943
1953
2409
2667
2201
1873
1879
2017
1966
1877
1879
1935
1945
2000
2563
2546
2076
1833
1919
2019
1935
1876
1905
1943
1964
2419
2608
2139
1806
1906
2045
1945
1853
1884
1942
1971
2451
2601
2111
1807
1895
2032
1956
1869
1885
1929
1949
2377
2631
2143
1807
1864
2028
1978
1887
1892
1934
1949
2241
2645
2249
1842
1843
2036
2011
1891
1888
1935
1948
2203
2641
2283
1871
1849
2037
2023
1906
1885
1929
1947
2126
2615
2331
1878
1813
2023
2035
1910
1876
1923
1948
2067
2529
2318
1883
1808
2021
2047
1928
1888
1924
1955
2050
2470
2293
1888
1813
2032
2070
1959
1908
1927
1972
2340
2413
2004
1794
1966
2089
2000
1925
1924
1959
2364
2517
2067
1806
1943
2096
2013
1918
1926
1966
2288
2632
2219
1866
1902
2081
2032
1918
1908
1943
2244
2664
2285
1880
1865
2062
2029
1907
1888
1951
2464
2634
2103
1773
1922
2061
1955
1866
1887
2010
2695
2648
2048
1763
1926
2027
1903
1848
1885
1933
2530
2955
2335
1835
1775
1982
1928
1821
1849
1909
1925
2502
3116
2486
1849
1717
2000
1952
1796
1818
1878
1899
2556
3198
2506
1759
1656
1954
1884
1732
1750
1844
1849
1940
3014
3161
2339
1702
1670
1869
1776
1691
1751
1834
1860
1829
2141
3234
2870
2061
1636
1842
1954
1771
1711
1805
1855
1853
2547
3183
2443
1756
1655
1923
1849
1703
1732
1827
1868
1842
2253
3246
2769
2023
1641
1818
1904
1746
1706
1798
1856
1837
2235
3107
2613
1895
1640
1907
1952
1781
1747
1833
1878
1873
2567
3061
2345
1757
1705
1963
1914
1763
1780
1891
1957
1907
2529
3188
2395
1754
1625
1918
1936
1749
1735
1826
1847
2030
2867
2640
1918
1603
1865
1987
1827
1769
1829
1879
1901
2484
2710
2097
1691
1840
2029
1930
1822
1836
1884
2067
2660
2416
1850
1723
1984
2037
1895
1846
1896
1952
2322
2834
2370
1851
1784
2021
1980
1834
1838
1902
1909
2201
2813
2361
1825
1742
1973
1989
1836
1812
1877
1913
1973
2539
2530
1952
1734
1939
2043
1924
1857
1875
1910
2061
2550
2314
1844
1798
2029
2053
1932
1906
1943
1989
2513
2512
1986
1792
1992
2066
1920
1847
1888
1935
2253
2647
2203
1821
1893
2070
2006
1877
1872
1921
2030
2566
2421
1929
1822
2021
2024
1902
1875
1909
1943
2339
2549
2058
1754
1903
2080
2000
1896
1880
1885
2106
2469
2162
1801
1837
2088
2154
2048
1923
1870
2107
2367
2092
1825
1916
2090
2094
1996
1935
2084
2470
2202
1857
1866
2063
2050
1956
1935
1972
2413
2520
2062
1824
1967
2084
1986
1900
1916
2099
2558
2284
1881
1833
2016
2019
1908
1870
1911
2245
2489
2088
1802
1919
2065
1991
1906
1904
1936
2236
2479
2071
1793
1914
2076
2012
1913
1919
1949
2137
2474
2159
1824
1891
2078
2039
1930
1917
1959
2090
2506
2289
1898
1880
2103
2065
1904
1900
1965
1997
2360
2551
2068
1821
1987
2101
1982
1896
1925
1965
2091
2611
2347
1863
1831
2077
2089
1938
1894
1942
1974
2230
2669
2211
1821
1902
2101
2026
1900
1908
1961
1970
2290
2673
2164
1817
1912
2096
1998
1879
1900
1956
1962
2174
2723
2296
1845
1861
2068
2024
1889
1890
1957
1965
1956
2448
2750
2118
1796
1934
2082
1943
1837
1885
1955
1969
2128
2776
2397
1857
1811
2041
2018
1889
1875
1918
1945
1926
2456
2683
2071
1755
1885
2054
1955
1855
1873
1935
1943
1966
2602
2558
1973
1819
2028
2077
1882
1815
1886
1944
1945
2332
2719
2170
1777
1853
2065
1994
1861
1858
1923
1953
1991
2572
2541
1964
1769
1955
2062
1946
1868
1900
1955
1968
2412
2588
2054
1770
1924
2091
1989
1875
1897
1949
2123
2650
2378
1877
1807
2026
2042
1906
1874
1924
1964
2387
2721
2185
1822
1878
2040
1978
1872
1892
1949
1962
2120
2757
2539
2014
1826
1964
2025
1930
1881
1897
1927
1932
2260
2782
2368
1940
1818
1956
1969
1886
1854
1887
1921
1920
2084
2675
2455
1952
1790
1958
1999
1906
1866
1897
1940
1949
2194
2625
2319
1882
1828
2052
2066
1903
1844
1904
1949
2246
2687
2269
1814
1798
2023
2007
1877
1850
1899
1914
1960
2477
2543
2037
1760
1890
2046
1984
1897
1899
1943
1957
2205
2523
2186
1833
1841
2034
2041
1942
1911
1937
1968
2323
2438
2049
1801
1916
2056
2007
1935
1930
1959
1986
2367
2456
2054
1815
1922
2070
2015
1935
1938
1958
1992
2374
2452
2045
1816
1931
2069
2016
1935
1934
1961
2004
2390
2408
2018
1829
1966
2078
2009
1939
1939
1965
2031
2413
2361
2008
1893
2054
2080
1992
1958
1983
1987
2148
2478
2213
1894
1888
2061
2036
1932
1906
1952
2031
2419
2385
1980
1833
2016
2071
1972
1923
1954
1983
2301
2493
2099
1833
1949
2096
2014
1914
1924
1969
2213
2568
2205
1859
1889
2061
2029
1924
1910
1945
2184
2580
2218
1860
1848
2031
2037
1907
1890
1954
2099
2569
2340
1908
1831
2011
2040
1942
1893
1923
1963
2193
2577
2231
1870
1885
2053
2023
1910
1900
1954
1972
2194
2576
2238
1896
1889
2040
2019
1930
1917
1957
1970
1975
2376
2574
2125
1857
1913
2025
1966
1892
1892
1934
1972
1967
2292
2580
2164
1846
1883
2045
2018
1916
1899
1943
1971
1964
2261
2581
2196
1872
1896
2049
2032
1933
1904
1945
1976
1980
2312
2570
2145
1846
1912
2067
2026
1923
1904
1948
1972
1968
2235
2626
2265
1908
1888
2031
2019
1922
1912
1951
1958
1957
2147
2600
2320
1913
1865
2011
2049
1956
1911
1944
1972
1968
2138
2544
2300
1918
1862
2045
2066
1952
1905
1945
1973
2325
2562
2138
1849
1929
2057
1991
1911
1902
1941
1984
2224
2659
2304
1906
1867
2021
2019
1921
1910
1933
1932
2053
2616
2454
1966
1818
1966
2037
1942
1883
1911
1962
2303
2618
2183
1832
1871
2029
1980
1901
1904
1939
1979
2419
2601
2136
1853
1921
2060
1978
1885
1909
1948
2052
2607
2470
1968
1796
1944
2028
1921
1870
1905
1947
2343
2638
2158
1816
1885
2032
1961
1876
1890
1928
1969
2458
2588
2076
1803
1911
2042
1962
1885
1911
1942
1964
2450
2575
2056
1806
1946
2073
1987
1890
1897
1929
2026
2655
2600
2022
1790
1932
2012
1934
1869
1904
1933
1937
2190
2856
2439
1890
1798
1982
2007
1888
1852
1897
1942
1932
2000
2737
2670
1997
1721
1912
2072
1938
1862
1894
1938
1949
2306
2847
2286
1769
1793
2049
1995
1842
1845
1910
1930
1951
2621
2893
2139
1746
1834
2011
1934
1836
1854
1911
1936
1953
2604
2800
2090
1744
1821
2017
1958
1853
1862
1902
1929
2046
2714
2539
1922
1752
1970
2051
1926
1852
1880
1926
1945
2422
2816
2218
1787
1800
2052
1990
1830
1845
1915
1943
2205
2788
2355
1855
1781
1984
1998
1880
1847
1904
1933
2021
2661
2532
1940
1763
1960
2031
1897
1840
1886
1945
1938
2017
2624
2490
1942
1788
1991
2047
1908
1863
1927
1962
1973
2444
2529
2010
1756
1940
2078
1965
1865
1897
1956
1959
2306
2678
2203
1847
1878
2063
2036
1896
1872
1942
1970
2080
2622
2432
1951
1844
2022
2045
1921
1865
1919
1958
1958
2421
2668
2181
1871
1888
2022
1966
1867
1883
1919
1929
1955
2452
2583
2105
1848
1888
2024
1985
1901
1902
1946
1958
2206
2588
2273
1916
1888
2056
2027
1923
1905
1937
1960
2397
2718
2184
1833
1890
2033
1954
1877
1912
1995
1984
2120
2751
2491
1978
1851
2002
2004
1852
1845
1914
1928
1905
2253
2823
2341
1845
1784
1973
1958
1845
1883
1931
1920
1910
2167
2752
2436
1857
1751
2022
2043
1879
1844
1907
1944
1976
2536
2660
2075
1759
1960
2115
1963
1840
1864
1897
1940
2517
2590
2005
1742
1896
2044
1950
1858
1889
1962
2016
2557
2583
2002
1765
1945
2063
1931
1833
1872
1927
1950
2386
2660
2134
1860
1964
2106
2002
1862
1874
1917
1928
2304
2695
2160
1774
1828
2037
2004
1884
1882
1923
1967
2409
2796
2194
1775
1888
2089
1998
1851
1866
1918
1967
2568
2614
1989
1750
1913
2041
1945
1857
1886
1926
2039
2676
2508
1913
1760
2012
2069
1916
1863
1905
1927
2134
2813
2459
1827
1743
2024
2070
1917
1863
1894
1921
2292
2941
2403
1780
1754
2053
2037
1864
1832
1893
1932
2261
2980
2442
1769
1697
2007
2019
1826
1796
1890
1919
1957
2688
2884
2071
1660
1839
2065
1949
1793
1797
1906
1944
2219
2956
2487
1793
1687
1962
1994
1860
1836
1893
1910
1927
2638
2779
2021
1676
1846
2052
1961
1837
1850
1905
1933
2411
2839
2190
1742
1840
2220
2198
1802
1748
1902
1855
2444
2986
2166
1641
1892
2116
1840
1679
1881
2068
1940
2313
2764
2211
1816
1828
1993
1901
1784
1838
1922
1929
2486
2896
2210
1774
1769
1967
1945
1838
1842
1898
2007
2744
2699
1977
1690
1847
2034
1925
1821
1862
1910
2070
2811
2523
1863
1703
1914
2008
1883
1825
1876
1915
2320
2772
2222
1770
1806
2015
1969
1846
1858
1925
1932
2112
2694
2390
1886
1802
1995
2024
1901
1846
1889
1933
1933
2260
2688
2242
1836
1855
2029
1998
1888
1878
1914
1951
1959
2273
2648
2214
1828
1867
2048
2007
1878
1877
1932
1951
1978
2490
2530
2032
1801
1957
2073
1970
1886
1902
1941
1961
2203
2637
2277
1865
1860
2049
2041
1921
1891
1929
1969
1968
2313
2636
2195
1850
1892
2057
2013
1901
1899
1948
1959
2048
2571
2457
1988
1827
1988
2053
1947
1893
1931
1955
2192
2641
2331
1921
1911
2093
2049
1913
1873
1917
1944
2360
2776
2258
1872
1873
2044
1984
1839
1849
1904
1915
2189
2796
2401
1906
1802
1982
1995
1871
1856
1905
1948
2074
2724
2513
1932
1756
1973
2049
1906
1850
1890
1944
1992
2658
2679
2030
1726
1911
2042
1916
1853
1899
1927
1926
2442
2827
2212
1795
1826
2000
1940
1870
1886
1924
1927
2177
2877
2453
1869
1765
1934
1970
1870
1847
1921
1936
2093
2838
2541
1887
1737
1970
2009
1846
1812
1874
1923
2203
2889
2416
1786
1720
1995
2005
1857
1819
1884
1928
2215
2864
2406
1781
1734
2029
2019
1853
1843
1905
1916
2175
2877
2479
1861
1710
1951
2021
1857
1813
1880
1916
1922
2547
2847
2130
1743
1818
2014
1965
1841
1830
1886
1920
2064
2776
2553
1874
1718
1987
2070
1908
1832
1878
1907
2208
2859
2393
1835
1828
2108
2085
1900
1841
1893
1942
1984
2741
2786
2026
1750
1875
2006
1857
1725
1815
1933
1932
2077
2804
2516
1898
1744
1934
1986
1880
1849
1888
1914
1966
2605
2628
1995
1749
1915
2030
1919
1848
1884
1919
2195
2736
2284
1776
1798
2048
2020
1879
1852
1905
2067
2702
2506
1906
1746
1982
2045
1902
1848
1899
1939
2395
2845
2256
1825
1829
2020
1985
1846
1831
1915
1977
2628
2771
2080
1755
1864
2002
1892
1806
1866
1920
2092
2769
2477
1893
1712
1933
2009
1883
1819
1859
1919
2285
2764
2251
1780
1797
2026
2003
1864
1844
1908
1931
2169
2717
2320
1797
1778
2032
2024
1877
1854
1910
1948
1940
2390
2725
2167
1807
1874
2061
1996
1869
1864
1928
1965
1949
2245
2742
2296
1855
1836
2016
2003
1888
1857
1904
1949
1955
2135
2676
2388
1907
1809
2005
2060
1942
1880
1926
1972
2013
2536
2515
1982
1795
1979
2068
1954
1884
1912
1945
1953
2272
2724
2288
1875
1856
2038
2014
1893
1877
1930
1946
1993
2605
2577
2015
1792
1938
2039
1938
1869
1899
1950
1953
2169
2687
2335
1888
1845
2033
2039
1912
1874
1913
1937
2122
2668
2369
1892
1824
2024
2035
1894
1862
1916
1942
2103
2690
2420
1909
1808
1990
2029
1910
1868
1916
1948
2082
2667
2430
1917
1799
1989
2035
1919
1887
1911
1937
1926
2292
2708
2226
1837
1868
2036
1991
1883
1884
1929
1946
2155
2671
2328
1864
1834
2029
2006
1889
1884
1922
1948
2373
2700
2182
1829
1878
2041
1975
1872
1896
1949
1943
2305
2808
2308
1867
1847
2039
1985
1853
1879
1963
1951
2135
2761
2439
1963
1839
1947
1956
1881
1900
1945
1927
1966
2647
2654
2053
1817
1910
1986
1914
1865
1895
1910
2121
2825
2491
1876
1736
1967
2018
1870
1816
1874
1933
1938
2340
2960
2411
1884
1775
1966
1970
1845
1830
1889
1913
2187
2904
2494
1867
1719
1928
1988
1848
1800
1869
1929
1924
2136
2840
2502
1892
1770
1970
2009
1855
1826
1901
1941
1937
2516
2780
2123
1718
1830
2007
1946
1847
1868
1912
1924
1917
2051
2798
2637
1983
1750
1911
2024
1902
1824
1867
1962
2037
2324
2773
2273
1812
1768
1974
1992
1848
1826
1892
1936
1925
2337
2805
2290
1858
1834
1994
1993
1873
1860
1908
1954
1939
2314
2780
2272
1820
1826
2034
2010
1876
1856
1911
1930
1953
2525
2644
2056
1766
1904
2057
1962
1855
1880
1940
2031
2610
2522
1942
1759
1964
2058
1914
1844
1893
1944
2069
2634
2423
1904
1793
2005
2051
1922
1869
1909
1937
2113
2667
2373
1873
1800
2033
2065
1911
1854
1924
1952
2024
2573
2454
1946
1796
1999
2057
1935
1856
1901
1963
2153
2657
2350
1862
1812
2021
2036
1915
1866
1909
1943
1945
2351
2692
2190
1847
1883
2043
2015
1909
1893
1930
1941
1951
2395
2657
2153
1839
1894
2023
1965
1889
1894
1933
1948
1954
2404
2602
2087
1807
1926
2090
2013
1902
1889
1946
2057
2574
2427
1938
1813
2005
2060
1972
1940
1946
1931
2065
2743
2537
1958
1805
1979
2047
1906
1818
1863
1927
1940
2413
2708
2135
1812
1875
2037
1986
1864
1878
1927
1937
2228
2732
2287
1832
1850
2044
2010
1873
1877
1925
1945
2037
2694
2538
1931
1752
1988
2065
1929
1864
1929
1967
2307
2792
2258
1795
1831
2050
1988
1863
1862
1928
1944
2494
2727
2056
1721
1919
2089
1944
1837
1883
1937
1998
2642
2576
1927
1749
1991
2059
1913
1828
1869
1895
1948
2537
2549
1957
1762
1939
2024
1931
1870
1902
1937
2047
2657
2511
1917
1778
2045
2081
1881
1820
1884
1941
2349
2722
2160
1789
1914
2087
2002
1889
1891
1936
2072
2711
2435
1848
1778
2016
2033
1878
1837
1887
1923
2255
2719
2207
1777
1858
2067
2018
1898
1884
1928
2281
2685
2172
1762
1896
2112
1989
1867
1880
1964
2603
2826
2088
1709
1897
2074
1935
1825
1882
1927
2465
3033
2273
1725
1801
2043
1938
1804
1828
1889
2010
2857
2655
1901
1698
1928
1984
1824
1800
1875
1926
2172
2837
2382
1802
1742
1968
1972
1842
1833
1887
1903
2328
2827
2214
1711
1815
2084
1968
1831
1845
1901
2146
2857
2485
1850
1711
1963
1982
1848
1827
1908
1934
2104
2903
2544
1883
1737
1930
2003
1864
1801
1867
1924
1938
2649
2882
2104
1726
1819
2008
1928
1810
1837
1888
1901
1948
2683
2764
2034
1744
1906
2058
1949
1822
1848
1902
1941
2492
2819
2149
1719
1820
2040
1955
1816
1833
1918
1939
2180
2895
2493
1830
1708
1962
2029
1865
1817
1872
1909
2223
2886
2423
1796
1702
1984
2025
1870
1817
1869
1921
2121
2859
2512
1826
1687
1969
2039
1878
1813
1876
1919
1927
2391
2787
2171
1720
1818
2067
2039
1901
1871
1903
2051
2695
2473
1824
1683
1965
2073
1941
1866
1887
1939
2312
2836
2300
1781
1800
2039
2026
1905
1872
1909
1923
2201
2950
2503
1893
1760
1958
2009
1855
1797
1877
1923
1948
2546
2832
2144
1764
1817
2002
1956
1829
1835
1900
1939
1967
2618
2694
2017
1709
1893
2050
1939
1834
1860
1931
1942
2204
2757
2329
1808
1764
2027
2051
1892
1835
1892
1945
2114
2764
2512
1912
1782
2018
2036
1883
1840
1897
1959
1992
2670
2785
2092
1770
1842
2025
1945
1837
1928
1974
1945
1927
2676
2946
2139
1745
1784
2028
1965
1802
1793
1868
1923
1918
2137
2901
2519
1867
1751
1997
2065
1886
1818
1892
1939
1934
2145
2775
2447
1856
1706
2001
2055
1865
1819
1895
1946
1950
2449
2690
2058
1708
1889
2078
1956
1821
1854
1916
1930
2149
2645
2274
1788
1817
2068
2044
1894
1875
1928
1956
2251
2605
2174
1788
1883
2104
2028
1894
1880
1935
2058
2604
2487
1937
1777
2031
2077
1940
1885
1930
1980
2468
2685
2087
1734
1916
2085
1975
1865
1892
1939
2263
2773
2290
1778
1814
2056
2029
1891
1874
1923
2313
2831
2303
1776
1801
2034
1965
1842
1864
1909
2032
2826
2733
1986
1705
1897
2030
1900
1812
1876
1923
2106
2916
2646
1946
1726
1909
1985
1850
1803
1871
1909
1941
2663
2906
2165
1774
1799
1959
1892
1814
1842
1896
1907
2123
2932
2584
1928
1718
1893
1964
1814
1785
1853
1909
1910
2146
2875
2499
1891
1711
1905
1999
1865
1825
1886
1914
1909
2058
2775
2528
1891
1746
1963
2017
1874
1820
1885
1935
1942
2514
2788
2123
1743
1837
2020
1935
1829
1857
1914
1928
2248
2800
2319
1816
1777
2000
1994
1865
1846
1908
1931
1967
2577
2651
2016
1737
1898
2044
1933
1839
1866
1923
1950
1959
2535
2639
2024
1766
1920
2054
1962
1869
1881
1940
1962
2341
2643
2134
1759
1858
2069
2009
1881
1876
1933
1959
2103
2700
2463
1922
1806
1995
2056
1936
1871
1906
1952
1951
2385
2733
2188
1831
1889
2047
1991
1882
1875
1929
1959
2070
2666
2462
1912
1795
1989
2037
1928
1872
1902
1941
1965
2472
2623
2035
1760
1933
2101
2006
1938
1956
1942
2137
2668
2303
1824
1811
2055
2044
1884
1846
1911
1940
2193
2774
2378
1875
1821
2001
2017
1890
1860
1912
1949
2126
2730
2428
1900
1795
1995
2018
1897
1866
1913
1946
2258
2736
2289
1832
1828
2038
2024
1933
1915
1909
1922
2150
2791
2434
1913
1805
1956
1993
1900
1865
1889
1909
1925
2293
2802
2320
