0.080000
0.080001
0.080002
0.080005
0.080009
0.080014
0.080019
0.080027
0.080035
0.080044
0.080054
0.080065
0.080078
0.080091
0.080106
0.080122
0.080139
0.080156
0.080175
0.080195
0.080216
0.080239
0.080262
0.080286
0.080312
0.080338
0.080366
0.080394
0.080424
0.080455
0.080487
0.080520
0.080554
0.080589
0.080625
0.080663
0.080701
0.080741
0.080781
0.080823
0.080866
0.080909
0.080954
0.081000
0.081047
0.081096
0.081145
0.081195
0.081246
0.081299
0.081352
0.081407
0.081463
0.081519
0.081577
0.081636
0.081696
0.081757
0.081819
0.081883
0.081947
0.082012
0.082079
0.082146
0.082215
0.082285
0.082356
0.082427
0.082500
0.082574
0.082649
0.082726
0.082803
0.082881
0.082961
0.083041
0.083123
0.083205
0.083289
0.083374
0.083459
0.083546
0.083634
0.083723
0.083814
0.083905
0.083997
0.084090
0.084185
0.084280
0.084377
0.084475
0.084573
0.084673
0.084774
0.084876
0.084979
0.085083
0.085188
0.085294
0.085402
0.085510
0.085619
0.085730
0.085841
0.085954
0.086068
0.086182
0.086298
0.086415
0.086533
0.086652
0.086772
0.086893
0.087016
0.087139
0.087263
0.087389
0.087515
0.087643
0.087771
0.087901
0.088032
0.088164
0.088297
0.088431
0.088566
0.088702
0.088839
0.088977
0.089116
0.089257
0.089398
0.089540
0.089684
0.089828
0.089974
0.090121
0.090268
0.090417
0.090567
0.090718
0.090870
0.091023
0.091177
0.091332
0.091488
0.091646
0.091804
0.091963
0.092124
0.092285
0.092448
0.092611
0.092776
0.092942
0.093108
0.093276
0.093445
0.093615
0.093786
0.093958
0.094131
0.094305
0.094480
0.094656
0.094833
0.095012
0.095191
0.095371
0.095553
0.095735
0.095919
0.096103
0.096289
0.096475
0.096663
0.096852
0.097041
0.097232
0.097424
0.097617
0.097811
0.098006
0.098202
0.098399
0.098597
0.098796
0.098996
0.099198
0.099400
0.099603
0.099807
0.100013
0.100219
0.100427
0.100635
0.100845
0.101055
0.101267
0.101479
0.101693
0.101907
0.102123
0.102340
0.102558
0.102776
0.102996
0.103217
0.103439
0.103662
0.103886
0.104111
0.104337
0.104564
0.104792
0.105021
0.105251
0.105482
0.105714
0.105947
0.106181
0.106416
0.106653
0.106890
0.107128
0.107367
0.107607
0.107849
0.108091
0.108334
0.108579
0.108824
0.109070
0.109318
0.109566
0.109816
0.110066
0.110317
0.110570
0.110823
0.111078
0.111333
0.111590
0.111847
0.112106
0.112365
0.112626
0.112887
0.113150
0.113413
0.113678
0.113943
0.114210
0.114477
0.114746
0.115015
0.115286
0.115557
0.115830
0.116104
0.116378
0.116654
0.116930
0.117208
0.117486
0.117766
0.118046
0.118328
0.118610
0.118894
0.119178
0.119464
0.119750
0.120037
0.120326
0.120615
0.120906
0.121197
0.121489
0.121783
0.122077
0.122372
0.122669
0.122966
0.123264
0.123563
0.123864
0.124165
0.124467
0.124770
0.125074
0.125380
0.125686
0.125993
0.126301
0.126610
0.126920
0.127231
0.127543
0.127856
0.128169
0.128484
0.128800
0.129117
0.129435
0.129753
0.130073
0.130394
0.130715
0.131038
0.131361
0.131686
0.132011
0.132338
0.132665
0.132993
0.133323
0.133653
0.133984
0.134316
0.134649
0.134983
0.135318
0.135654
0.135991
0.136329
0.136668
0.137008
0.137348
0.137690
0.138033
0.138376
0.138721
0.139066
0.139413
0.139760
0.140108
0.140457
0.140808
0.141159
0.141511
0.141864
0.142218
0.142572
0.142928
0.143285
0.143643
0.144001
0.144361
0.144721
0.145083
0.145445
0.145808
0.146172
0.146537
0.146903
0.147270
0.147638
0.148007
0.148377
0.148747
0.149119
0.149491
0.149865
0.150239
0.150614
0.150990
0.151367
0.151745
0.152124
0.152504
0.152885
0.153266
0.153649
0.154032
0.154417
0.154802
0.155188
0.155575
0.155963
0.156352
0.156742
0.157132
0.157524
0.157916
0.158310
0.158704
0.159099
0.159495
0.159892
0.160290
0.160689
0.161089
0.161489
0.161891
0.162293
0.162696
0.163100
0.163505
0.163911
0.164318
0.164725
0.165134
0.165543
0.165954
0.166365
0.166777
0.167190
0.167603
0.168018
0.168434
0.168850
0.169267
0.169686
0.170105
0.170525
0.170945
0.171367
0.171789
0.172213
0.172637
0.173062
0.173488
0.173915
0.174343
0.174771
0.175201
0.175631
0.176062
0.176494
0.176927
0.177361
0.177795
0.178231
0.178667
0.179104
0.179542
0.179981
0.180420
0.180861
0.181302
0.181744
0.182187
0.182631
0.183076
0.183522
0.183968
0.184415
0.184863
0.185312
0.185762
0.186212
0.186664
0.187116
0.187569
0.188023
0.188478
0.188933
0.189390
0.189847
0.190305
0.190764
0.191223
0.191684
0.192145
0.192607
0.193070
0.193534
0.193999
0.194464
0.194930
0.195397
0.195865
0.196334
0.196803
0.197273
0.197744
0.198216
0.198689
0.199162
0.199637
0.200112
0.200588
0.201064
0.201542
0.202020
0.202499
0.202979
0.203460
0.203941
0.204423
0.204906
0.205390
0.205875
0.206360
0.206846
0.207333
0.207821
0.208310
0.208799
0.209289
0.209780
0.210271
0.210764
0.211257
0.211751
0.212246
0.212741
0.213237
0.213735
0.214232
0.214731
0.215230
0.215730
0.216231
0.216733
0.217235
0.217738
0.218242
0.218747
0.219252
0.219759
0.220265
0.220773
0.221282
0.221791
0.222301
0.222811
0.223323
0.223835
0.224348
0.224862
0.225376
0.225891
0.226407
0.226924
0.227441
0.227959
0.228478
0.228997
0.229518
0.230039
0.230560
0.231083
0.231606
0.232130
0.232655
0.233180
0.233706
0.234233
0.234760
0.235289
0.235818
0.236347
0.236878
0.237409
0.237941
0.238473
0.239007
0.239540
0.240075
0.240611
0.241147
0.241683
0.242221
0.242759
0.243298
0.243837
0.244378
0.244919
0.245460
0.246003
0.246546
0.247090
0.247634
0.248179
0.248725
0.249271
0.249819
0.250366
0.250915
0.251464
0.252014
0.252565
0.253116
0.253668
0.254220
0.254774
0.255328
0.255882
0.256438
0.256993
0.257550
0.258107
0.258665
0.259224
0.259783
0.260343
0.260904
0.261465
0.262027
0.262589
0.263153
0.263716
0.264281
0.264846
0.265412
0.265978
0.266545
0.267113
0.267682
0.268251
0.268820
0.269390
0.269961
0.270533
0.271105
0.271678
0.272251
0.272826
0.273400
0.273976
0.274552
0.275128
0.275705
0.276283
0.276862
0.277441
0.278021
0.278601
0.279182
0.279763
0.280346
0.280928
0.281512
0.282096
0.282680
0.283265
0.283851
0.284438
0.285025
0.285612
0.286201
0.286789
0.287379
0.287969
0.288559
0.289151
0.289742
0.290335
0.290928
0.291521
0.292115
0.292710
0.293305
0.293901
0.294498
0.295095
0.295692
0.296290
0.296889
0.297488
0.298088
0.298689
0.299290
0.299891
0.300494
0.301096
0.301700
0.302303
0.302908
0.303513
0.304118
0.304724
0.305331
0.305938
0.306546
0.307154
0.307763
0.308372
0.308982
0.309593
0.310204
0.310815
0.311427
0.312040
0.312653
0.313267
0.313881
0.314496
0.315111
0.315727
0.316343
0.316960
0.317578
0.318195
0.318814
0.319433
0.320052
0.320672
0.321293
0.321914
0.322535
0.323157
0.323780
0.324403
0.325027
0.325651
0.326275
0.326901
0.327526
0.328152
0.328779
0.329406
0.330033
0.330662
0.331290
0.331919
0.332549
0.333179
0.333809
0.334440
0.335072
0.335704
0.336336
0.336969
0.337603
0.338237
0.338871
0.339506
0.340141
0.340777
0.341413
0.342050
0.342687
0.343325
0.343963
0.344601
0.345240
0.345880
0.346520
0.347160
0.347801
0.348442
0.349084
0.349726
0.350369
0.351012
0.351656
0.352300
0.352944
0.353589
0.354234
0.354880
0.355526
0.356173
0.356820
0.357467
0.358115
0.358764
0.359412
0.360062
0.360711
0.361361
0.362012
0.362663
0.363314
0.363966
0.364618
0.365270
0.365923
0.366577
0.367230
0.367885
0.368539
0.369194
0.369849
0.370505
0.371161
0.371818
0.372475
0.373132
0.373790
0.374448
0.375107
0.375766
0.376425
0.377085
0.377745
0.378405
0.379066
0.379727
0.380389
0.381051
0.381713
0.382376
0.383039
0.383703
0.384366
0.385031
0.385695
0.386360
0.387025
0.387691
0.388357
0.389023
0.389690
0.390357
0.391025
0.391692
0.392361
0.393029
0.393698
0.394367
0.395037
0.395706
0.396377
0.397047
0.397718
0.398389
0.399061
0.399733
0.400405
0.401077
0.401750
0.402423
0.403097
0.403771
0.404445
0.405119
0.405794
0.406469
0.407144
0.407820
0.408496
0.409173
0.409849
0.410526
0.411203
0.411881
0.412559
0.413237
0.413915
0.414594
0.415273
0.415953
0.416632
0.417312
0.417992
0.418673
0.419354
0.420035
0.420716
0.421398
0.422080
0.422762
0.423444
0.424127
0.424810
0.425493
0.426177
0.426861
0.427545
0.428229
0.428914
0.429599
0.430284
0.430969
0.431655
0.432341
0.433027
0.433713
0.434400
0.435087
0.435774
0.436461
0.437149
0.437837
0.438525
0.439213
0.439902
0.440591
0.441280
0.441969
0.442659
0.443349
0.444039
0.444729
0.445419
0.446110
0.446801
0.447492
0.448183
0.448875
0.449566
0.450258
0.450951
0.451643
0.452336
0.453028
0.453721
0.454415
0.455108
0.455802
0.456495
0.457189
0.457884
0.458578
0.459273
0.459967
0.460662
0.461358
0.462053
0.462748
0.463444
0.464140
0.464836
0.465532
0.466229
0.466925
0.467622
0.468319
0.469016
0.469713
0.470411
0.471108
0.471806
0.472504
0.473202
0.473900
0.474599
0.475297
0.475996
0.476695
0.477394
0.478093
0.478792
0.479492
0.480191
0.480891
0.481591
0.482291
0.482991
0.483691
0.484392
0.485092
0.485793
0.486493
0.487194
0.487895
0.488596
0.489298
0.489999
0.490701
0.491402
0.492104
0.492806
0.493508
0.494210
0.494912
0.495614
0.496317
0.497019
0.497722
0.498425
0.499127
0.499830
0.500533
0.501236
0.501939
0.502643
0.503346
0.504049
0.504753
0.505457
0.506160
0.506864
0.507568
0.508272
0.508976
0.509680
0.510384
0.511088
0.511792
0.512497
0.513201
0.513906
0.514610
0.515315
0.516019
0.516724
0.517429
0.518134
0.518839
0.519543
0.520248
0.520953
0.521658
0.522364
0.523069
0.523774
0.524479
0.525184
0.525890
0.526595
0.527300
0.528006
0.528711
0.529416
0.530122
0.530827
0.531533
0.532238
0.532944
0.533650
0.534355
0.535061
0.535766
0.536472
0.537178
0.537883
0.538589
0.539294
0.540000
0.540706
0.541411
0.542117
0.542822
0.543528
0.544234
0.544939
0.545645
0.546350
0.547056
0.547762
0.548467
0.549173
0.549878
0.550584
0.551289
0.551994
0.552700
0.553405
0.554110
0.554816
0.555521
0.556226
0.556931
0.557636
0.558342
0.559047
0.559752
0.560457
0.561162
0.561866
0.562571
0.563276
0.563981
0.564685
0.565390
0.566094
0.566799
0.567503
0.568208
0.568912
0.569616
0.570320
0.571024
0.571728
0.572432
0.573136
0.573840
0.574543
0.575247
0.575951
0.576654
0.577357
0.578061
0.578764
0.579467
0.580170
0.580873
0.581575
0.582278
0.582981
0.583683
0.584386
0.585088
0.585790
0.586492
0.587194
0.587896
0.588598
0.589299
0.590001
0.590702
0.591403
0.592105
0.592806
0.593507
0.594207
0.594908
0.595609
0.596309
0.597009
0.597709
0.598409
0.599109
0.599809
0.600508
0.601208
0.601907
0.602606
0.603305
0.604004
0.604703
0.605401
0.606100
0.606798
0.607496
0.608194
0.608892
0.609589
0.610287
0.610984
0.611681
0.612378
0.613075
0.613771
0.614468
0.615164
0.615860
0.616556
0.617252
0.617947
0.618643
0.619338
0.620033
0.620727
0.621422
0.622116
0.622811
0.623505
0.624198
0.624892
0.625585
0.626279
0.626972
0.627664
0.628357
0.629049
0.629742
0.630433
0.631125
0.631817
0.632508
0.633199
0.633890
0.634581
0.635271
0.635961
0.636651
0.637341
0.638031
0.638720
0.639409
0.640098
0.640787
0.641475
0.642163
0.642851
0.643539
0.644226
0.644913
0.645600
0.646287
0.646973
0.647659
0.648345
0.649031
0.649716
0.650401
0.651086
0.651771
0.652455
0.653139
0.653823
0.654507
0.655190
0.655873
0.656556
0.657238
0.657920
0.658602
0.659284
0.659965
0.660646
0.661327
0.662008
0.662688
0.663368
0.664047
0.664727
0.665406
0.666085
0.666763
0.667441
0.668119
0.668797
0.669474
0.670151
0.670827
0.671504
0.672180
0.672856
0.673531
0.674206
0.674881
0.675555
0.676229
0.676903
0.677577
0.678250
0.678923
0.679595
0.680267
0.680939
0.681611
0.682282
0.682953
0.683623
0.684294
0.684963
0.685633
0.686302
0.686971
0.687639
0.688308
0.688975
0.689643
0.690310
0.690977
0.691643
0.692309
0.692975
0.693640
0.694305
0.694969
0.695634
0.696297
0.696961
0.697624
0.698287
0.698949
0.699611
0.700273
0.700934
0.701595
0.702255
0.702915
0.703575
0.704234
0.704893
0.705552
0.706210
0.706868
0.707525
0.708182
0.708839
0.709495
0.710151
0.710806
0.711461
0.712115
0.712770
0.713423
0.714077
0.714730
0.715382
0.716034
0.716686
0.717337
0.717988
0.718639
0.719289
0.719938
0.720588
0.721236
0.721885
0.722533
0.723180
0.723827
0.724474
0.725120
0.725766
0.726411
0.727056
0.727700
0.728344
0.728988
0.729631
0.730274
0.730916
0.731558
0.732199
0.732840
0.733480
0.734120
0.734760
0.735399
0.736037
0.736675
0.737313
0.737950
0.738587
0.739223
0.739859
0.740494
0.741129
0.741763
0.742397
0.743031
0.743664
0.744296
0.744928
0.745560
0.746191
0.746821
0.747451
0.748081
0.748710
0.749338
0.749967
0.750594
0.751221
0.751848
0.752474
0.753100
0.753725
0.754349
0.754973
0.755597
0.756220
0.756842
0.757465
0.758086
0.758707
0.759328
0.759948
0.760567
0.761186
0.761805
0.762422
0.763040
0.763657
0.764273
0.764889
0.765504
0.766119
0.766733
0.767347
0.767960
0.768573
0.769185
0.769796
0.770407
0.771018
0.771628
0.772237
0.772846
0.773454
0.774062
0.774669
0.775276
0.775882
0.776487
0.777092
0.777697
0.778300
0.778904
0.779507
0.780109
0.780710
0.781311
0.781912
0.782512
0.783111
0.783710
0.784308
0.784905
0.785502
0.786099
0.786695
0.787290
0.787885
0.788479
0.789072
0.789665
0.790258
0.790849
0.791441
0.792031
0.792621
0.793211
0.793799
0.794388
0.794975
0.795562
0.796149
0.796735
0.797320
0.797904
0.798488
0.799072
0.799654
0.800237
0.800818
0.801399
0.801979
0.802559
0.803138
0.803717
0.804295
0.804872
0.805448
0.806024
0.806600
0.807174
0.807748
0.808322
0.808895
0.809467
0.810039
0.810610
0.811180
0.811749
0.812319
0.812887
0.813455
0.814022
0.814588
0.815154
0.815719
0.816284
0.816848
0.817411
0.817973
0.818535
0.819096
0.819657
0.820217
0.820776
0.821335
0.821893
0.822450
0.823007
0.823562
0.824118
0.824672
0.825226
0.825780
0.826332
0.826884
0.827435
0.827986
0.828536
0.829085
0.829634
0.830181
0.830729
0.831275
0.831821
0.832366
0.832910
0.833454
0.833997
0.834540
0.835081
0.835622
0.836163
0.836702
0.837241
0.837779
0.838317
0.838853
0.839390
0.839925
0.840460
0.840993
0.841527
0.842059
0.842591
0.843122
0.843653
0.844182
0.844711
0.845240
0.845767
0.846294
0.846820
0.847345
0.847870
0.848394
0.848917
0.849440
0.849961
0.850482
0.851003
0.851522
0.852041
0.852559
0.853076
0.853593
0.854109
0.854624
0.855138
0.855652
0.856165
0.856677
0.857189
0.857699
0.858209
0.858718
0.859227
0.859735
0.860241
0.860748
0.861253
0.861758
0.862262
0.862765
0.863267
0.863769
0.864270
0.864770
0.865269
0.865768
0.866266
0.866763
0.867259
0.867754
0.868249
0.868743
0.869236
0.869729
0.870220
0.870711
0.871201
0.871690
0.872179
0.872667
0.873154
0.873640
0.874125
0.874610
0.875094
0.875577
0.876059
0.876540
0.877021
0.877501
0.877980
0.878458
0.878936
0.879412
0.879888
0.880363
0.880838
0.881311
0.881784
0.882255
0.882727
0.883197
0.883666
0.884135
0.884603
0.885070
0.885536
0.886001
0.886466
0.886930
0.887393
0.887855
0.888316
0.888777
0.889236
0.889695
0.890153
0.890610
0.891067
0.891522
0.891977
0.892431
0.892884
0.893336
0.893788
0.894238
0.894688
0.895137
0.895585
0.896032
0.896478
0.896924
0.897369
0.897813
0.898256
0.898698
0.899139
0.899580
0.900019
0.900458
0.900896
0.901333
0.901769
0.902205
0.902639
0.903073
0.903506
0.903938
0.904369
0.904799
0.905229
0.905657
0.906085
0.906512
0.906938
0.907363
0.907787
0.908211
0.908633
0.909055
0.909475
0.909895
0.910314
0.910733
0.911150
0.911566
0.911982
0.912396
0.912810
0.913223
0.913635
0.914046
0.914457
0.914866
0.915275
0.915682
0.916089
0.916495
0.916900
0.917304
0.917707
0.918109
0.918511
0.918911
0.919311
0.919710
0.920108
0.920505
0.920901
0.921296
0.921690
0.922084
0.922476
0.922868
0.923258
0.923648
0.924037
0.924425
0.924812
0.925198
0.925583
0.925968
0.926351
0.926734
0.927115
0.927496
0.927876
0.928255
0.928633
0.929010
0.929386
0.929761
0.930135
0.930509
0.930881
0.931253
0.931623
0.931993
0.932362
0.932730
0.933097
0.933463
0.933828
0.934192
0.934555
0.934917
0.935279
0.935639
0.935999
0.936357
0.936715
0.937072
0.937428
0.937782
0.938136
0.938489
0.938841
0.939192
0.939543
0.939892
0.940240
0.940587
0.940934
0.941279
0.941624
0.941967
0.942310
0.942652
0.942992
0.943332
0.943671
0.944009
0.944346
0.944682
0.945017
0.945351
0.945684
0.946016
0.946347
0.946677
0.947007
0.947335
0.947662
0.947989
0.948314
0.948639
0.948962
0.949285
0.949606
0.949927
0.950247
0.950565
0.950883
0.951200
0.951516
0.951831
0.952144
0.952457
0.952769
0.953080
0.953390
0.953699
0.954007
0.954314
0.954620
0.954926
0.955230
0.955533
0.955835
0.956136
0.956437
0.956736
0.957034
0.957331
0.957628
0.957923
0.958217
0.958511
0.958803
0.959094
0.959385
0.959674
0.959963
0.960250
0.960536
0.960822
0.961106
0.961390
0.961672
0.961954
0.962234
0.962514
0.962792
0.963070
0.963346
0.963622
0.963896
0.964170
0.964442
0.964714
0.964985
0.965254
0.965523
0.965790
0.966057
0.966322
0.966587
0.966850
0.967113
0.967374
0.967635
0.967894
0.968153
0.968410
0.968667
0.968922
0.969177
0.969430
0.969683
0.969934
0.970184
0.970434
0.970682
0.970930
0.971176
0.971421
0.971666
0.971909
0.972151
0.972393
0.972633
0.972872
0.973110
0.973347
0.973584
0.973819
0.974053
0.974286
0.974518
0.974749
0.974979
0.975208
0.975436
0.975663
0.975889
0.976114
0.976338
0.976561
0.976783
0.977004
0.977224
0.977442
0.977660
0.977877
0.978092
0.978307
0.978521
0.978733
0.978945
0.979155
0.979365
0.979573
0.979781
0.979987
0.980193
0.980397
0.980600
0.980802
0.981004
0.981204
0.981403
0.981601
0.981798
0.981994
0.982189
0.982383
0.982576
0.982768
0.982958
0.983148
0.983337
0.983525
0.983711
0.983897
0.984081
0.984265
0.984447
0.984629
0.984809
0.984989
0.985167
0.985344
0.985520
0.985695
0.985869
0.986042
0.986214
0.986385
0.986555
0.986724
0.986892
0.987059
0.987224
0.987389
0.987552
0.987715
0.987876
0.988037
0.988196
0.988354
0.988512
0.988668
0.988823
0.988977
0.989130
0.989282
0.989433
0.989583
0.989732
0.989879
0.990026
0.990172
0.990316
0.990460
0.990602
0.990743
0.990884
0.991023
0.991161
0.991298
0.991434
0.991569
0.991703
0.991836
0.991968
0.992099
0.992229
0.992357
0.992485
0.992611
0.992737
0.992861
0.992984
0.993107
0.993228
0.993348
0.993467
0.993585
0.993702
0.993818
0.993932
0.994046
0.994159
0.994270
0.994381
0.994490
0.994598
0.994706
0.994812
0.994917
0.995021
0.995124
0.995226
0.995327
0.995427
0.995525
0.995623
0.995720
0.995815
0.995910
0.996003
0.996095
0.996186
0.996277
0.996366
0.996454
0.996541
0.996626
0.996711
0.996795
0.996877
0.996959
0.997039
0.997119
0.997197
0.997274
0.997351
0.997426
0.997500
0.997573
0.997644
0.997715
0.997785
0.997854
0.997921
0.997988
0.998053
0.998117
0.998181
0.998243
0.998304
0.998364
0.998423
0.998481
0.998537
0.998593
0.998648
0.998701
0.998754
0.998805
0.998855
0.998904
0.998953
0.999000
0.999046
0.999090
0.999134
0.999177
0.999219
0.999259
0.999299
0.999337
0.999375
0.999411
0.999446
0.999480
0.999513
0.999545
0.999576
0.999606
0.999634
0.999662
0.999688
0.999714
0.999738
0.999761
0.999784
0.999805
0.999825
0.999844
0.999861
0.999878
0.999894
0.999909
0.999922
0.999935
0.999946
0.999956
0.999965
0.999973
0.999981
0.999986
0.999991
0.999995
0.999998
0.999999
1.000000
0.999999
0.999998
0.999995
0.999991
0.999986
0.999981
0.999973
0.999965
0.999956
0.999946
0.999935
0.999922
0.999909
0.999894
0.999878
0.999861
0.999844
0.999825
0.999805
0.999784
0.999761
0.999738
0.999714
0.999688
0.999662
0.999634
0.999606
0.999576
0.999545
0.999513
0.999480
0.999446
0.999411
0.999375
0.999337
0.999299
0.999259
0.999219
0.999177
0.999134
0.999090
0.999046
0.999000
0.998953
0.998904
0.998855
0.998805
0.998754
0.998701
0.998648
0.998593
0.998537
0.998481
0.998423
0.998364
0.998304
0.998243
0.998181
0.998117
0.998053
0.997988
0.997921
0.997854
0.997785
0.997715
0.997644
0.997573
0.997500
0.997426
0.997351
0.997274
0.997197
0.997119
0.997039
0.996959
0.996877
0.996795
0.996711
0.996626
0.996541
0.996454
0.996366
0.996277
0.996186
0.996095
0.996003
0.995910
0.995815
0.995720
0.995623
0.995525
0.995427
0.995327
0.995226
0.995124
0.995021
0.994917
0.994812
0.994706
0.994599
0.994490
0.994381
0.994270
0.994159
0.994046
0.993932
0.993818
0.993702
0.993585
0.993467
0.993348
0.993228
0.993107
0.992984
0.992861
0.992737
0.992611
0.992485
0.992357
0.992229
0.992099
0.991968
0.991836
0.991703
0.991569
0.991434
0.991298
0.991161
0.991023
0.990884
0.990743
0.990602
0.990460
0.990316
0.990172
0.990026
0.989879
0.989732
0.989583
0.989433
0.989282
0.989130
0.988977
0.988823
0.988668
0.988512
0.988354
0.988196
0.988037
0.987876
0.987715
0.987552
0.987389
0.987224
0.987059
0.986892
0.986724
0.986555
0.986385
0.986214
0.986042
0.985869
0.985695
0.985520
0.985344
0.985167
0.984989
0.984809
0.984629
0.984447
0.984265
0.984081
0.983897
0.983711
0.983525
0.983337
0.983148
0.982958
0.982768
0.982576
0.982383
0.982189
0.981994
0.981798
0.981601
0.981403
0.981204
0.981004
0.980802
0.980600
0.980397
0.980193
0.979987
0.979781
0.979573
0.979365
0.979155
0.978945
0.978733
0.978521
0.978307
0.978092
0.977877
0.977660
0.977442
0.977224
0.977004
0.976783
0.976561
0.976338
0.976114
0.975889
0.975663
0.975436
0.975208
0.974979
0.974749
0.974518
0.974286
0.974053
0.973819
0.973584
0.973347
0.973110
0.972872
0.972633
0.972393
0.972151
0.971909
0.971666
0.971421
0.971176
0.970930
0.970682
0.970434
0.970184
0.969934
0.969683
0.969430
0.969177
0.968922
0.968667
0.968410
0.968153
0.967894
0.967635
0.967374
0.967113
0.966850
0.966587
0.966322
0.966057
0.965790
0.965523
0.965254
0.964985
0.964714
0.964442
0.964170
0.963896
0.963622
0.963346
0.963070
0.962792
0.962514
0.962234
0.961954
0.961672
0.961390
0.961106
0.960822
0.960536
0.960250
0.959963
0.959674
0.959385
0.959094
0.958803
0.958511
0.958217
0.957923
0.957628
0.957331
0.957034
0.956736
0.956437
0.956136
0.955835
0.955533
0.955230
0.954926
0.954620
0.954314
0.954007
0.953699
0.953390
0.953080
0.952769
0.952457
0.952145
0.951831
0.951516
0.951200
0.950883
0.950565
0.950247
0.949927
0.949606
0.949285
0.948962
0.948639
0.948314
0.947989
0.947662
0.947335
0.947007
0.946677
0.946347
0.946016
0.945684
0.945351
0.945017
0.944682
0.944346
0.944009
0.943671
0.943332
0.942992
0.942652
0.942310
0.941967
0.941624
0.941279
0.940934
0.940587
0.940240
0.939892
0.939543
0.939192
0.938841
0.938489
0.938136
0.937782
0.937428
0.937072
0.936715
0.936357
0.935999
0.935639
0.935279
0.934918
0.934555
0.934192
0.933828
0.933463
0.933097
0.932730
0.932362
0.931993
0.931623
0.931253
0.930881
0.930509
0.930135
0.929761
0.929386
0.929010
0.928633
0.928255
0.927876
0.927496
0.927115
0.926734
0.926351
0.925968
0.925583
0.925198
0.924812
0.924425
0.924037
0.923648
0.923258
0.922868
0.922476
0.922083
0.921690
0.921296
0.920901
0.920505
0.920108
0.919710
0.919311
0.918911
0.918511
0.918110
0.917707
0.917304
0.916900
0.916495
0.916089
0.915682
0.915275
0.914866
0.914457
0.914046
0.913635
0.913223
0.912810
0.912397
0.911982
0.911566
0.911150
0.910733
0.910314
0.909895
0.909475
0.909055
0.908633
0.908211
0.907787
0.907363
0.906938
0.906512
0.906085
0.905657
0.905229
0.904799
0.904369
0.903938
0.903506
0.903073
0.902639
0.902205
0.901769
0.901333
0.900896
0.900458
0.900019
0.899580
0.899139
0.898698
0.898256
0.897813
0.897369
0.896924
0.896478
0.896032
0.895585
0.895137
0.894688
0.894238
0.893788
0.893336
0.892884
0.892431
0.891977
0.891522
0.891067
0.890610
0.890153
0.889695
0.889236
0.888777
0.888316
0.887855
0.887393
0.886930
0.886466
0.886001
0.885536
0.885070
0.884603
0.884135
0.883666
0.883197
0.882727
0.882256
0.881784
0.881311
0.880838
0.880363
0.879888
0.879412
0.878936
0.878458
0.877980
0.877501
0.877021
0.876540
0.876059
0.875577
0.875094
0.874610
0.874125
0.873640
0.873154
0.872667
0.872179
0.871690
0.871201
0.870711
0.870220
0.869729
0.869236
0.868743
0.868249
0.867754
0.867259
0.866763
0.866266
0.865768
0.865269
0.864770
0.864270
0.863769
0.863267
0.862765
0.862262
0.861758
0.861253
0.860748
0.860241
0.859735
0.859227
0.858718
0.858209
0.857699
0.857189
0.856677
0.856165
0.855652
0.855138
0.854624
0.854109
0.853593
0.853076
0.852559
0.852041
0.851522
0.851003
0.850482
0.849961
0.849440
0.848917
0.848394
0.847870
0.847345
0.846820
0.846294
0.845767
0.845239
0.844711
0.844182
0.843653
0.843122
0.842591
0.842059
0.841527
0.840994
0.840460
0.839925
0.839390
0.838853
0.838317
0.837779
0.837241
0.836702
0.836163
0.835622
0.835081
0.834540
0.833997
0.833454
0.832910
0.832366
0.831821
0.831275
0.830729
0.830181
0.829634
0.829085
0.828536
0.827986
0.827435
0.826884
0.826332
0.825780
0.825226
0.824672
0.824118
0.823562
0.823007
0.822450
0.821893
0.821335
0.820776
0.820217
0.819657
0.819096
0.818535
0.817973
0.817411
0.816847
0.816284
0.815719
0.815154
0.814588
0.814022
0.813455
0.812887
0.812318
0.811749
0.811180
0.810609
0.810039
0.809467
0.808895
0.808322
0.807748
0.807174
0.806600
0.806024
0.805448
0.804872
0.804294
0.803717
0.803138
0.802559
0.801979
0.801399
0.800818
0.800237
0.799654
0.799072
0.798488
0.797904
0.797320
0.796735
0.796149
0.795562
0.794975
0.794388
0.793800
0.793211
0.792621
0.792031
0.791441
0.790850
0.790258
0.789665
0.789073
0.788479
0.787885
0.787290
0.786695
0.786099
0.785502
0.784905
0.784308
0.783710
0.783111
0.782512
0.781912
0.781311
0.780710
0.780109
0.779507
0.778904
0.778301
0.777697
0.777092
0.776487
0.775882
0.775276
0.774669
0.774062
0.773454
0.772846
0.772237
0.771628
0.771018
0.770407
0.769796
0.769185
0.768573
0.767960
0.767347
0.766733
0.766119
0.765504
0.764889
0.764273
0.763657
0.763040
0.762422
0.761805
0.761186
0.760567
0.759948
0.759328
0.758707
0.758086
0.757465
0.756842
0.756220
0.755597
0.754973
0.754349
0.753725
0.753100
0.752474
0.751848
0.751221
0.750594
0.749967
0.749338
0.748710
0.748081
0.747451
0.746821
0.746191
0.745560
0.744928
0.744296
0.743664
0.743031
0.742397
0.741763
0.741129
0.740494
0.739859
0.739223
0.738587
0.737950
0.737313
0.736675
0.736037
0.735399
0.734760
0.734120
0.733480
0.732840
0.732199
0.731557
0.730916
0.730274
0.729631
0.728988
0.728344
0.727700
0.727056
0.726411
0.725766
0.725120
0.724474
0.723827
0.723180
0.722533
0.721885
0.721236
0.720588
0.719938
0.719289
0.718639
0.717988
0.717337
0.716686
0.716034
0.715382
0.714730
0.714077
0.713423
0.712770
0.712116
0.711461
0.710806
0.710151
0.709495
0.708839
0.708182
0.707525
0.706868
0.706210
0.705552
0.704893
0.704234
0.703575
0.702915
0.702255
0.701595
0.700934
0.700273
0.699611
0.698949
0.698287
0.697624
0.696961
0.696297
0.695634
0.694969
0.694305
0.693640
0.692975
0.692309
0.691643
0.690977
0.690310
0.689643
0.688975
0.688308
0.687639
0.686971
0.686302
0.685633
0.684963
0.684294
0.683623
0.682953
0.682282
0.681611
0.680939
0.680267
0.679595
0.678923
0.678250
0.677577
0.676903
0.676229
0.675555
0.674881
0.674206
0.673531
0.672855
0.672180
0.671504
0.670827
0.670151
0.669474
0.668797
0.668119
0.667441
0.666763
0.666084
0.665406
0.664727
0.664047
0.663368
0.662688
0.662008
0.661327
0.660646
0.659965
0.659284
0.658602
0.657920
0.657238
0.656556
0.655873
0.655190
0.654507
0.653823
0.653139
0.652455
0.651771
0.651086
0.650401
0.649716
0.649031
0.648345
0.647659
0.646973
0.646287
0.645600
0.644913
0.644226
0.643539
0.642851
0.642163
0.641475
0.640787
0.640098
0.639409
0.638720
0.638031
0.637341
0.636652
0.635961
0.635271
0.634581
0.633890
0.633199
0.632508
0.631817
0.631125
0.630434
0.629742
0.629049
0.628357
0.627664
0.626972
0.626279
0.625585
0.624892
0.624198
0.623505
0.622811
0.622116
0.621422
0.620727
0.620033
0.619338
0.618642
0.617947
0.617252
0.616556
0.615860
0.615164
0.614468
0.613771
0.613075
0.612378
0.611681
0.610984
0.610287
0.609589
0.608892
0.608194
0.607496
0.606798
0.606100
0.605401
0.604703
0.604004
0.603305
0.602606
0.601907
0.601208
0.600508
0.599809
0.599109
0.598409
0.597709
0.597009
0.596309
0.595608
0.594908
0.594207
0.593507
0.592806
0.592105
0.591403
0.590702
0.590001
0.589299
0.588598
0.587896
0.587194
0.586492
0.585790
0.585088
0.584386
0.583683
0.582981
0.582278
0.581575
0.580873
0.580170
0.579467
0.578764
0.578061
0.577357
0.576654
0.575951
0.575247
0.574543
0.573840
0.573136
0.572432
0.571728
0.571024
0.570320
0.569616
0.568912
0.568208
0.567503
0.566799
0.566094
0.565390
0.564685
0.563981
0.563276
0.562571
0.561866
0.561162
0.560457
0.559752
0.559047
0.558342
0.557636
0.556931
0.556226
0.555521
0.554816
0.554110
0.553405
0.552700
0.551994
0.551289
0.550584
0.549878
0.549173
0.548467
0.547762
0.547056
0.546350
0.545645
0.544939
0.544234
0.543528
0.542822
0.542117
0.541411
0.540706
0.540000
0.539294
0.538589
0.537883
0.537178
0.536472
0.535766
0.535061
0.534355
0.533650
0.532944
0.532238
0.531533
0.530827
0.530122
0.529416
0.528711
0.528006
0.527300
0.526595
0.525890
0.525184
0.524479
0.523774
0.523069
0.522363
0.521658
0.520953
0.520248
0.519543
0.518838
0.518134
0.517429
0.516724
0.516019
0.515315
0.514610
0.513906
0.513201
0.512497
0.511792
0.511088
0.510384
0.509680
0.508976
0.508272
0.507568
0.506864
0.506160
0.505457
0.504753
0.504049
0.503346
0.502643
0.501940
0.501236
0.500533
0.499830
0.499127
0.498425
0.497722
0.497019
0.496317
0.495614
0.494912
0.494210
0.493508
0.492806
0.492104
0.491402
0.490701
0.489999
0.489298
0.488597
0.487895
0.487194
0.486493
0.485793
0.485092
0.484392
0.483691
0.482991
0.482291
0.481591
0.480891
0.480191
0.479492
0.478792
0.478093
0.477394
0.476695
0.475996
0.475297
0.474599
0.473900
0.473202
0.472504
0.471806
0.471108
0.470411
0.469713
0.469016
0.468319
0.467622
0.466925
0.466229
0.465532
0.464836
0.464140
0.463444
0.462748
0.462053
0.461358
0.460662
0.459967
0.459273
0.458578
0.457884
0.457189
0.456495
0.455802
0.455108
0.454415
0.453721
0.453028
0.452336
0.451643
0.450951
0.450258
0.449566
0.448875
0.448183
0.447492
0.446801
0.446110
0.445419
0.444729
0.444038
0.443348
0.442659
0.441969
0.441280
0.440591
0.439902
0.439213
0.438525
0.437837
0.437149
0.436461
0.435774
0.435087
0.434400
0.433713
0.433027
0.432341
0.431655
0.430969
0.430284
0.429599
0.428914
0.428229
0.427545
0.426861
0.426177
0.425493
0.424810
0.424127
0.423444
0.422762
0.422080
0.421398
0.420716
0.420035
0.419354
0.418673
0.417992
0.417312
0.416632
0.415953
0.415273
0.414594
0.413915
0.413237
0.412559
0.411881
0.411203
0.410526
0.409849
0.409173
0.408496
0.407820
0.407144
0.406469
0.405794
0.405119
0.404445
0.403771
0.403097
0.402423
0.401750
0.401077
0.400405
0.399733
0.399061
0.398389
0.397718
0.397047
0.396377
0.395706
0.395037
0.394367
0.393698
0.393029
0.392361
0.391692
0.391025
0.390357
0.389690
0.389023
0.388357
0.387691
0.387025
0.386360
0.385695
0.385031
0.384366
0.383703
0.383039
0.382376
0.381713
0.381051
0.380389
0.379727
0.379066
0.378405
0.377745
0.377085
0.376425
0.375766
0.375107
0.374448
0.373790
0.373132
0.372475
0.371818
0.371161
0.370505
0.369849
0.369194
0.368539
0.367884
0.367230
0.366577
0.365923
0.365270
0.364618
0.363966
0.363314
0.362663
0.362012
0.361361
0.360711
0.360062
0.359412
0.358764
0.358115
0.357467
0.356820
0.356173
0.355526
0.354880
0.354234
0.353589
0.352944
0.352300
0.351656
0.351012
0.350369
0.349726
0.349084
0.348442
0.347801
0.347160
0.346520
0.345880
0.345240
0.344601
0.343963
0.343325
0.342687
0.342050
0.341413
0.340777
0.340141
0.339506
0.338871
0.338237
0.337603
0.336969
0.336336
0.335704
0.335072
0.334440
0.333809
0.333179
0.332549
0.331919
0.331290
0.330662
0.330034
0.329406
0.328779
0.328152
0.327526
0.326901
0.326275
0.325651
0.325027
0.324403
0.323780
0.323158
0.322535
0.321914
0.321293
0.320672
0.320052
0.319433
0.318814
0.318195
0.317578
0.316960
0.316343
0.315727
0.315111
0.314496
0.313881
0.313267
0.312653
0.312040
0.311427
0.310815
0.310204
0.309593
0.308982
0.308372
0.307763
0.307154
0.306546
0.305938
0.305331
0.304724
0.304118
0.303513
0.302908
0.302303
0.301699
0.301096
0.300493
0.299891
0.299290
0.298689
0.298088
0.297488
0.296889
0.296290
0.295692
0.295094
0.294497
0.293901
0.293305
0.292710
0.292115
0.291521
0.290927
0.290335
0.289742
0.289150
0.288559
0.287969
0.287379
0.286789
0.286201
0.285612
0.285025
0.284438
0.283851
0.283266
0.282680
0.282096
0.281512
0.280928
0.280346
0.279763
0.279182
0.278601
0.278021
0.277441
0.276862
0.276283
0.275706
0.275128
0.274552
0.273976
0.273400
0.272826
0.272252
0.271678
0.271105
0.270533
0.269961
0.269391
0.268820
0.268251
0.267682
0.267113
0.266545
0.265978
0.265412
0.264846
0.264281
0.263716
0.263153
0.262589
0.262027
0.261465
0.260904
0.260343
0.259783
0.259224
0.258665
0.258107
0.257550
0.256993
0.256438
0.255882
0.255328
0.254774
0.254220
0.253668
0.253116
0.252565
0.252014
0.251464
0.250915
0.250366
0.249819
0.249271
0.248725
0.248179
0.247634
0.247090
0.246546
0.246003
0.245460
0.244919
0.244378
0.243837
0.243298
0.242759
0.242221
0.241683
0.241147
0.240610
0.240075
0.239540
0.239006
0.238473
0.237941
0.237409
0.236878
0.236347
0.235818
0.235289
0.234760
0.234233
0.233706
0.233180
0.232655
0.232130
0.231606
0.231083
0.230560
0.230039
0.229518
0.228997
0.228478
0.227959
0.227441
0.226923
0.226407
0.225891
0.225376
0.224862
0.224348
0.223835
0.223323
0.222811
0.222301
0.221791
0.221282
0.220773
0.220266
0.219759
0.219252
0.218747
0.218242
0.217738
0.217235
0.216733
0.216231
0.215730
0.215230
0.214731
0.214232
0.213735
0.213238
0.212741
0.212246
0.211751
0.211257
0.210764
0.210271
0.209780
0.209289
0.208799
0.208310
0.207821
0.207333
0.206846
0.206360
0.205875
0.205390
0.204906
0.204423
0.203941
0.203460
0.202979
0.202499
0.202020
0.201542
0.201064
0.200588
0.200112
0.199637
0.199162
0.198689
0.198216
0.197744
0.197273
0.196803
0.196334
0.195865
0.195397
0.194930
0.194464
0.193999
0.193534
0.193070
0.192607
0.192145
0.191684
0.191223
0.190764
0.190305
0.189847
0.189390
0.188933
0.188478
0.188023
0.187569
0.187116
0.186664
0.186212
0.185762
0.185312
0.184863
0.184415
0.183968
0.183522
0.183076
0.182631
0.182187
0.181744
0.181302
0.180861
0.180420
0.179981
0.179542
0.179104
0.178667
0.178231
0.177795
0.177361
0.176927
0.176494
0.176062
0.175631
0.175201
0.174771
0.174343
0.173915
0.173488
0.173062
0.172637
0.172213
0.171790
0.171367
0.170945
0.170525
0.170105
0.169686
0.169267
0.168850
0.168434
0.168018
0.167604
0.167190
0.166777
0.166365
0.165954
0.165543
0.165134
0.164725
0.164318
0.163911
0.163505
0.163100
0.162696
0.162293
0.161891
0.161489
0.161089
0.160689
0.160290
0.159892
0.159495
0.159099
0.158704
0.158310
0.157916
0.157524
0.157132
0.156742
0.156352
0.155963
0.155575
0.155188
0.154802
0.154417
0.154032
0.153649
0.153266
0.152885
0.152504
0.152124
0.151745
0.151367
0.150990
0.150614
0.150239
0.149865
0.149491
0.149119
0.148747
0.148377
0.148007
0.147638
0.147270
0.146903
0.146537
0.146172
0.145808
0.145445
0.145083
0.144721
0.144361
0.144001
0.143643
0.143285
0.142928
0.142572
0.142218
0.141864
0.141511
0.141159
0.140808
0.140457
0.140108
0.139760
0.139413
0.139066
0.138721
0.138376
0.138033
0.137690
0.137348
0.137008
0.136668
0.136329
0.135991
0.135654
0.135318
0.134983
0.134649
0.134316
0.133984
0.133653
0.133323
0.132993
0.132665
0.132338
0.132011
0.131686
0.131361
0.131038
0.130715
0.130394
0.130073
0.129753
0.129435
0.129117
0.128800
0.128484
0.128169
0.127856
0.127543
0.127231
0.126920
0.126610
0.126301
0.125993
0.125686
0.125380
0.125074
0.124770
0.124467
0.124165
0.123864
0.123564
0.123264
0.122966
0.122669
0.122372
0.122077
0.121783
0.121489
0.121197
0.120906
0.120615
0.120326
0.120037
0.119750
0.119464
0.119178
0.118894
0.118610
0.118328
0.118046
0.117766
0.117486
0.117208
0.116930
0.116654
0.116378
0.116104
0.115830
0.115557
0.115286
0.115015
0.114746
0.114477
0.114210
0.113943
0.113678
0.113413
0.113150
0.112887
0.112626
0.112365
0.112106
0.111847
0.111590
0.111333
0.111078
0.110823
0.110570
0.110317
0.110066
0.109816
0.109566
0.109318
0.109070
0.108824
0.108579
0.108334
0.108091
0.107849
0.107607
0.107367
0.107128
0.106890
0.106652
0.106416
0.106181
0.105947
0.105714
0.105482
0.105251
0.105021
0.104792
0.104564
0.104337
0.104111
0.103886
0.103662
0.103439
0.103217
0.102996
0.102776
0.102558
0.102340
0.102123
0.101908
0.101693
0.101479
0.101267
0.101055
0.100845
0.100635
0.100427
0.100219
0.100013
0.099807
0.099603
0.099400
0.099198
0.098996
0.098796
0.098597
0.098399
0.098202
0.098006
0.097811
0.097617
0.097424
0.097232
0.097042
0.096852
0.096663
0.096475
0.096289
0.096103
0.095919
0.095735
0.095553
0.095371
0.095191
0.095012
0.094833
0.094656
0.094480
0.094305
0.094131
0.093958
0.093786
0.093615
0.093445
0.093276
0.093108
0.092942
0.092776
0.092611
0.092448
0.092285
0.092124
0.091963
0.091804
0.091646
0.091488
0.091332
0.091177
0.091023
0.090870
0.090718
0.090567
0.090417
0.090268
0.090121
0.089974
0.089828
0.089684
0.089540
0.089398
0.089257
0.089116
0.088977
0.088839
0.088702
0.088566
0.088431
0.088297
0.088164
0.088032
0.087901
0.087771
0.087643
0.087515
0.087389
0.087263
0.087139
0.087016
0.086893
0.086772
0.086652
0.086533
0.086415
0.086298
0.086182
0.086068
0.085954
0.085841
0.085730
0.085619
0.085510
0.085402
0.085294
0.085188
0.085083
0.084979
0.084876
0.084774
0.084673
0.084573
0.084475
0.084377
0.084280
0.084185
0.084090
0.083997
0.083905
0.083814
0.083723
0.083634
0.083546
0.083459
0.083374
0.083289
0.083205
0.083123
0.083041
0.082961
0.082881
0.082803
0.082726
0.082649
0.082574
0.082500
0.082427
0.082356
0.082285
0.082215
0.082146
0.082079
0.082012
0.081947
0.081883
0.081819
0.081757
0.081696
0.081636
0.081577
0.081519
0.081463
0.081407
0.081352
0.081299
0.081246
0.081195
0.081145
0.081096
0.081047
0.081000
0.080954
0.080909
0.080866
0.080823
0.080781
0.080741
0.080701
0.080663
0.080625
0.080589
0.080554
0.080520
0.080487
0.080455
0.080424
0.080394
0.080366
0.080338
0.080312
0.080286
0.080262
0.080239
0.080216
0.080195
0.080175
0.080156
0.080139
0.080122
0.080106
0.080091
0.080078
0.080065
0.080054
0.080044
0.080035
0.080027
0.080019
0.080014
0.080009
0.080005
0.080002
0.080001
