-90.000000
-87.000000
-83.000000
-83.000000
-78.000000
-70.000000
10.000000
193.000000
394.000000
466.000000
373.000000
195.000000
22.000000
-93.000000
-139.000000
-121.000000
-66.000000
-21.000000
-2.000000
-19.000000
-59.000000
-102.000000
-134.000000
-143.000000
-142.000000
-127.000000
-111.000000
-109.000000
-101.000000
-26.000000
168.000000
369.000000
422.000000
309.000000
110.000000
-69.000000
-175.000000
-205.000000
-165.000000
-89.000000
-23.000000
-4.000000
-31.000000
-77.000000
-121.000000
-145.000000
-151.000000
-142.000000
-125.000000
-115.000000
-108.000000
-94.000000
-20.000000
172.000000
378.000000
446.000000
340.000000
145.000000
-31.000000
-134.000000
-173.000000
-147.000000
-88.000000
-32.000000
-12.000000
-31.000000
-72.000000
-111.000000
-134.000000
-137.000000
