12060.193359
10329.116211
5999.271973
1031.609863
-2754.811523
-4525.859375
-4488.337891
-3439.813965
-2250.742676
-1475.359741
-1201.353760
-1191.257080
-1196.052246
-1195.594849
-1374.174683
-1884.859375
-2613.646484
-3133.743408
-2888.558105
-1490.461670
976.192322
3824.303467
5971.070801
6491.139160
5213.114746
2834.508789
425.562500
-1221.750488
-1894.461426
-1829.911987
-1424.546265
-1006.263062
-738.507141
-626.215271
-587.920349
-552.819580
-508.826050
-489.550903
-524.997131
-593.895630
-619.614136
-505.014465
-200.218323
242.372177
680.123535
946.032837
942.171448
697.776794
344.848816
32.073864
-156.224884
-215.410233
-190.257401
-133.109970
-78.320152
-43.074615
-29.848253
-30.974863
-35.056557
-33.236065
-23.557156
-10.550577
-0.202612
4.578215
5.452947
5.019129
4.397825
3.455943
2.345287
1.153409
