2432
2360
2216
2114
2025
1956
1915
1873
1859
1853
1875
1904
1957
1996
2023
2050
2052
2042
2018
1983
1951
1917
1903
1894
1872
1878
1879
1897
1906
1924
1929
1948
1957
1966
1970
1975
1967
1966
1962
1965
1985
2053
2180
2330
2494
2606
2657
2625
2557
2430
2284
2154
2051
1963
1910
1872
1855
1846
1844
1879
1919
1960
2008
2041
2053
2053
2025
2002
1974
1947
1917
1902
1890
1888
1888
1902
1913
1924
1935
1947
1960
1972
1980
1982
1981
1971
1963
1977
1999
2066
2168
2305
2434
2538
2553
2524
2432
2332
2200
2099
2012
1944
1895
1869
1849
1852
1873
1915
1974
2010
2034
2059
2063
2052
2031
1999
1964
1947
1926
1919
1909
1903
1919
1922
1930
1939
1948
1974
1977
1980
1985
1991
1982
1988
1982
1988
1993
2026
2111
2222
2366
2497
2576
2603
2562
2470
2360
2242
2146
2067
2011
1970
1939
1918
1903
1922
1928
1969
2014
2040
2060
2057
2066
2043
2011
1984
1956
1937
1923
1916
1907
1924
1924
1928
1952
1960
1956
1966
1979
1986
2000
1988
1997
1999
1995
1981
2002
2045
2150
2293
2441
2580
2658
2662
2602
2502
2376
2249
2139
2053
1986
1949
1916
1899
1878
1896
1931
1964
2002
2034
2053
2069
2047
2022
1989
1958
1938
1908
1909
1903
1902
1905
1920
1924
1936
1953
1968
1973
1989
1995
1987
1983
1986
1990
1983
1982
1974
2021
2105
2238
2400
2548
2642
2660
2610
2510
2373
2239
2123
2020
1949
1899
1869
1845
1847
1866
1913
1968
2014
2051
2081
2082
2068
2037
2002
1977
1946
1917
1904
1894
1886
1890
1907
1914
1924
1947
1958
1968
1975
1972
1988
2014
2096
2200
2337
2455
2540
2570
2538
2449
2328
2206
2070
1964
1861
1788
1750
1751
1797
1857
1945
2005
2070
2110
2135
2118
2079
2046
1995
1961
1930
1916
1906
1907
1909
1911
1925
1939
1948
1957
1971
1980
1985
1977
1974
1985
1973
1968
1973
1978
1980
1973
1969
1964
1978
2007
2068
2172
2324
2481
2602
2667
2661
2579
2465
2336
2230
2118
2042
1977
1949
1912
1909
1907
1924
1950
1984
2022
2036
2054
2058
2043
2029
1998
1968
1945
1938
1912
1904
1910
1902
1911
1925
1934
1940
1953
1963
1970
1972
1980
1983
1983
1973
1973
1977
2008
2069
2162
2301
2435
2541
2615
2594
2542
2452
2336
2221
2122
2044
1978
1934
1897
1888
1883
1903
1940
1982
2013
2052
2067
2072
2052
2037
2005
1984
1957
1940
1924
1913
1910
1903
1916
1936
1943
1953
1967
1970
1980
1978
1983
1981
1994
1990
2029
2113
2243
2397
2553
2657
2693
2671
2589
2463
2317
2189
2082
1986
1928
1876
1851
1856
1882
1928
1984
2033
2081
2090
2101
2083
2049
2010
1976
1938
1921
1890
1877
1878
1886
1902
1913
1923
1929
1955
1958
1966
1963
1979
1973
1974
1979
2028
2125
2274
2465
2620
2740
2773
2723
2627
2471
2316
2175
2058
1976
1916
1856
1837
1834
1844
1872
1916
1976
2013
2049
2054
2047
2017
1978
1940
1914
1870
1870
1856
1851
1856
1867
1887
1899
1921
1927
1934
1944
1946
1955
1952
1946
1967
2012
2130
2257
2435
2583
2652
2664
2609
2481
2339
2203
2082
1987
1917
1875
1844
1822
1826
1842
1881
1931
1977
2010
2031
2033
2012
2002
1965
1938
1913
1895
1875
1876
1873
1874
1883
1901
1905
1916
1926
1947
1942
1947
1958
1949
1953
1965
1989
2061
2168
2293
2415
2492
2510
2470
2391
2292
2174
2077
2005
1948
1905
1865
1862
1865
1897
1917
1967
2004
2035
2057
2057
2035
2021
2002
1972
1944
1934
1918
1917
1917
1913
1931
1938
1944
1960
1969
1976
1985
1983
1976
1981
1982
1986
1996
2036
2112
2205
2324
2407
2462
2465
2413
2340
2234
2144
2070
1993
1952
1908
1893
1898
1914
1951
1996
2042
2074
2094
2095
2081
2056
2028
1999
1977
1955
1946
1936
1940
1945
1954
1967
1961
1981
1986
1997
1993
1999
1997
1997
1993
2002
2046
2116
2220
2339
2450
2518
2519
2474
2401
2289
2192
2093
2024
1958
1916
1885
1878
1900
1941
1988
2034
2068
2093
2097
2084
2060
2029
1994
1979
1952
1928
1917
1927
1931
1940
1942
1955
1970
1985
1996
1994
1993
1991
1998
1997
2042
2123
2226
2361
2464
2517
2531
2464
2367
2256
2140
2044
1957
1908
1867
1849
1846
1878
1932
1980
2030
2064
2087
2087
2087
2058
2012
1989
1960
1930
1911
1907
1901
1915
1928
1939
1955
1969
1961
1985
1982
1990
1994
1996
2026
2059
2157
2271
2371
2438
2474
2433
2354
2249
2149
2044
1961
1895
1861
1839
1844
1866
1913
1960
2019
2054
2075
2094
2080
2065
2025
1990
1969
1940
1924
1912
1919
1912
1924
1947
1957
1961
1966
1978
1984
1991
1988
1984
2020
2083
2194
2310
2408
2478
2503
2461
2385
2288
2169
2074
2004
1949
1912
1884
1890
1880
1920
1944
2002
2032
2057
2073
2066
2055
2030
2003
1972
1958
1936
1923
1910
1917
1924
1938
1944
1958
1977
1977
1996
1990
1995
2001
1990
2040
2096
2201
2327
2443
2511
2538
2492
2413
2300
2202
2098
2021
1973
1941
1903
1898
1892
1910
1953
1991
2029
2053
2066
2072
2060
2043
2012
1988
1969
1951
1932
1928
1926
1928
1936
1946
1965
1964
1978
1976
1989
1997
1994
1991
2000
2026
2102
2216
2337
2450
2523
2525
2480
2397
2283
2169
2079
1996
1932
1903
1868
1870
1889
1912
1966
2005
2052
2083
2092
2092
2074
2045
2015
1976
1957
1938
1929
1929
1931
1931
1944
1955
1971
1979
1993
2005
2004
2008
2000
2010
2040
2089
2198
2331
2461
2564
2583
2555
2477
2367
2248
2132
2031
1970
1925
1892
1879
1890
1917
1955
2010
2061
2091
2122
2123
2114
2109
2073
2047
2033
2021
2022
2042
2081
2145
2232
2346
2417
2464
2453
2380
2236
2093
1931
1783
1658
1595
1556
1614
1735
1934
2164
2359
2492
2544
2504
2416
2287
2149
2025
1910
1842
1787
1757
1751
1774
1811
1867
1924
1980
2024
2048
2050
2042
2018
1993
1965
1936
1913
1898
1890
1896
1894
1899
1923
1939
1955
1966
1973
1972
1983
1976
1988
1986
1986
2009
2064
2153
2283
2401
2483
2501
2485
2400
2286
2169
2072
1982
1922
1876
1851
1848
1865
1887
1929
1975
2016
2056
2083
2081
2065
2038
2014
1987
1953
1942
1931
1917
1928
1929
1936
1946
1954
1970
1981
1987
1994
1993
1993
1997
2002
2009
2044
2118
2233
2329
2428
2472
2455
2392
2308
2201
2110
2024
1963
1916
1895
1888
1892
1921
1945
1994
2035
2060
2083
2086
2077
2064
2030
2010
1975
1961
1938
1938
1948
1937
1951
1956
1965
1984
2010
2051
2136
2244
2350
2444
2471
2471
2414
2327
2234
2133
2027
1944
1885
1848
1842
1862
1915
1977
2034
2087
2132
2137
2128
2108
2069
2043
2004
1979
1956
1941
1936
1942
1942
1945
1964
1982
1989
1990
2002
1996
2001
2003
2009
2003
2007
2002
2004
1993
1994
1993
1991
1994
2002
2005
2048
2136
2269
2433
2580
2680
2714
2674
2588
2464
2330
2219
2111
2042
1997
1946
1929
1942
1970
1999
2051
2100
2132
2133
2138
2121
2089
2049
2019
1973
1954
1933
1912
1916
1916
1923
1939
1951
1963
1964
1976
1984
1985
1991
1989
1981
1977
1991
2042
2119
2256
2402
2524
2609
2625
2570
2467
2348
2209
2094
1996
1913
1860
1821
1820
1849
1903
1954
2021
2068
2101
2108
2106
2077
2041
2010
1969
1945
1912
1907
1897
1900
1902
1909
1924
1941
1938
1949
1968
1976
1968
1977
1985
2011
2079
2195
2326
2455
2542
2579
2553
2477
2371
2257
2133
2042
1962
1904
1879
1854
1862
1894
1952
2001
2062
2098
2112
2114
2097
2065
2029
2000
1963
1942
1917
1909
1910
1916
1917
1932
1936
1949
1961
1972
1981
1981
2005
2042
2126
2261
2408
2548
2642
2683
2663
2590
2487
2366
2256
2157
2084
2025
1971
1946
1926
1922
1941
1985
2013
2053
2069
2071
2066
2035
2004
1974
1942
1915
1899
1887
1883
1892
1896
1910
1922
1935
1946
1945
1955
1962
1970
2009
2086
2218
2399
2581
2726
2801
2795
2732
2609
2472
2350
2230
2141
2054
1975
1917
1879
1852
1843
1881
1913
1956
1988
2005
1995
1986
1961
1939
1906
1873
1856
1846
1844
1842
1847
1867
1879
1901
1913
1918
1932
1934
1924
1946
1948
1997
2104
2241
2423
2588
2694
2712
2666
2579
2438
2310
2175
2081
1997
1932
1870
1823
1808
1802
1828
1860
1908
1950
1969
1978
1973
1949
1925
1899
1870
1854
1842
1842
1842
1843
1848
1874
1877
1893
1907
1913
1928
1918
1932
1931
1930
1931
1926
1954
2008
2105
2244
2384
2493
2546
2552
2495
2400
2296
2195
2110
2043
1981
1936
1895
1865
1851
1864
1896
1924
1962
1976
1993
1986
1988
1962
1944
1930
1916
1897
1896
1891
1891
1891
1908
1917
1931
1941
1955
1956
1964
1966
1964
1971
1964
1968
1958
1958
1959
1985
2047
2138
2263
2361
2449
2481
2450
2385
2306
2215
2140
2064
2019
1968
1930
1898
1900
1909
1942
1973
2010
2029
2043
2048
2026
2009
1990
1969
1953
1928
1926
1934
1931
1935
1952
1942
1962
1968
1972
1966
1982
1986
1992
1995
1993
1994
1989
1980
1977
1973
1976
1994
2050
2132
2252
2396
2499
2560
2568
2525
2458
2376
2288
2225
2156
2115
2065
2025
1988
1961
1961
1965
2004
2020
2039
2054
2052
2040
2022
1996
1971
1966
1933
1931
1926
1927
1938
1947
1946
1959
1967
1970
1973
1973
1975
1978
1983
1986
1982
1974
1982
1974
1967
1968
1970
1959
1974
2006
2094
2215
2378
2514
2600
2646
2606
2542
2435
2326
2220
2149
2083
2045
1993
1955
1924
1913
1927
1949
1983
2008
2025
2042
2031
2013
1988
1973
1947
1919
1907
1901
1903
1908
1917
1924
1938
1936
1945
1958
1969
1971
1973
1974
1973
1970
1960
1964
1972
1959
1965
1956
1962
1955
1968
1977
2016
2098
2209
2354
2462
2545
2558
2513
2425
2327
2219
2124
2048
1990
1949
1927
1912
1899
1909
1932
1961
2007
2025
2042
2038
2033
2011
1992
1960
1944
1933
1914
1908
1911
1921
1925
1939
1947
1961
1965
1973
1982
1984
1985
1984
1987
1977
1981
1974
1973
1972
1971
1971
1973
1968
1982
2020
2089
2186
2316
2415
2492
2500
2476
2407
2306
2213
2129
2070
2018
1979
1963
1951
1940
1935
1950
1970
2002
2022
2039
2045
2046
2033
2003
1993
1961
1950
1939
1940
1927
1943
1946
1960
1970
1973
1986
1984
1982
1995
1994
1988
1996
1992
1991
1999
1994
1985
1990
1994
1987
1983
1992
2008
2049
2137
2256
2384
2477
2532
2531
2467
2388
2292
2209
2132
2069
2037
2006
1988
1964
1968
1979
1983
2014
2040
2060
2071
2073
2063
2037
2016
1989
1966
1954
1945
1947
1951
1941
1956
1961
1973
1978
1996
1993
1993
1999
1992
2002
1998
1995
1991
1993
1993
1991
1984
1994
1988
1987
1994
2018
2094
2193
2337
2457
2534
2554
2518
2437
2328
2224
2127
2047
1989
1955
1928
1914
1909
1936
1969
2004
2051
2076
2090
2094
2082
2052
2022
1994
1971
1954
1926
1924
1920
1924
1941
1946
1964
1976
1981
1985
1989
1990
2002
1993
1999
1999
1994
1984
1982
1974
1980
1978
1985
2001
2043
2147
2264
2406
2497
2543
2542
2475
2382
2269
2162
2080
2017
1971
1946
1921
1915
1916
1942
1968
1997
2028
2051
2059
2065
2062
2038
2016
1978
1962
1943
1929
1918
1919
1930
1935
1948
1955
1970
1981
1978
1985
1994
1998
2002
2001
1998
1995
1988
1980
1983
1987
1974
1989
1992
2060
2155
2271
2394
2505
2555
2532
2462
2369
2264
2159
2072
2015
1982
1953
1929
1925
1932
1957
1974
2004
2039
2059
2069
2063
2067
2044
2011
1992
1968
1945
1930
1928
1928
1931
1933
1952
1965
1975
1982
1981
1993
1997
1995
1995
1994
1999
2001
1984
1993
1991
1983
1983
1988
2006
2054
2148
2278
2402
2505
2557
2538
2474
2378
2260
2158
2057
1995
1948
1928
1911
1914
1928
1952
1991
2037
2065
2093
2092
2104
2088
2053
2022
1989
1962
1940
1927
1925
1930
1937
1940
1957
1967
1986
1995
2000
2009
2009
2008
2002
2008
2001
1994
1993
1986
