1984
2001
2009
2082
2134
2042
1971
1994
2038
2013
1992
1998
2006
2010
2004
2008
2029
2165
2137
2013
1988
2023
2042
2013
1998
1998
2012
2008
2018
2142
2147
2027
1981
2008
2041
2013
1988
1995
2009
2006
2016
2133
2177
2055
1997
2001
2037
2029
1995
1998
2004
2011
2011
2091
2205
2087
2000
1997
2028
2030
1995
1988
2003
2007
2008
2022
2179
2153
2022
1983
2018
2046
2013
1990
1998
2002
2011
2011
2109
2213
2078
1996
1998
2039
2030
1996
1995
2003
2007
2013
2005
2161
2206
2058
1999
2000
2034
2017
1988
1989
2001
2009
2005
2014
2154
2205
2056
1995
2005
2049
2030
1991
1994
2002
2012
2008
2013
2172
2200
2038
1984
2001
2042
2020
1989
1990
2002
2009
2008
2009
2110
2236
2089
2000
1996
2032
2032
1994
1992
2004
2006
2013
2006
2042
2228
2148
2013
1985
2025
2047
2005
1988
1994
2003
2016
2013
2027
2204
2175
2020
1982
2017
2050
2010
1995
1989
2012
2014
2011
2009
2153
2237
2069
1998
1997
2039
2022
1993
1986
2003
2009
2012
2010
2061
2246
2141
2005
1996
2029
2034
2009
1996
2000
2008
2014
2004
2032
2212
2164
2012
1977
2018
2047
2011
1988
1997
2010
2015
2007
2026
2205
2198
2038
1990
2017
2042
2022
1997
2000
2007
2012
2009
2012
2163
2223
2060
1995
2003
2037
2032
1994
1997
2095
2128
1988
1955
2034
2041
2004
2001
2007
2017
2017
2011
2014
2015
2017
2014
2122
2290
2116
1994
2011
2054
2050
2010
2000
2010
2021
2018
2018
2173
2234
2072
1999
2002
2042
2030
1999
1995
2007
2020
2014
2085
2254
2139
2024
1994
2029
2041
2005
1995
2006
2025
2017
2054
2242
2178
2037
1990
2018
2038
2007
1992
2005
2011
2007
2028
2227
2228
2082
2003
1988
2026
2015
1989
1990
2010
2009
2004
2044
2254
2192
2052
1994
1995
2022
2006
1987
1991
2006
2011
2005
2004
2074
2255
2143
2031
1989
2017
2032
1998
1991
2006
2006
2004
2001
2006
2096
2273
2162
2054
1989
2015
2031
2002
1984
1992
2003
2012
2008
2005
2009
2154
2296
2143
2042
1992
2016
2028
1994
1979
2002
2008
2006
2007
2007
2017
2187
2268
2088
2003
1987
2036
2020
1984
1985
2004
2013
2004
2005
2007
2035
2257
2231
2060
2013
1998
2031
2013
1985
1990
2011
2006
2003
2001
2004
2075
2296
2168
2031
1996
2015
2038
2007
1987
1994
2008
2012
2007
2011
2018
2216
2240
2047
1986
2005
2051
2024
1986
1989
2006
2011
2015
2002
2011
2208
2269
2065
2008
2000
2033
2026
1992
1984
2000
2014
2013
2002
2008
2190
2262
2072
1997
1995
2039
2032
1992
1990
2005
2011
2010
2003
2065
2264
2149
2004
1984
2031
2041
2011
1981
1999
2010
2019
2013
2012
2205
2250
2064
2004
2002
2033
2025
1994
1988
2008
2011
2098
2237
2090
1958
1976
2051
2036
1992
1988
2009
2013
2018
2014
2012
2011
2029
2239
2237
2035
1982
2020
2062
2030
1991
2000
2005
2025
2016
2014
2162
2272
2088
1991
1991
