2048
2073
2073
2069
2070
2065
2057
2050
2039
2040
2035
2034
2025
2018
2014
2011
2002
1996
1992
1985
1985
1983
1982
1971
1972
1966
1977
1973
1972
1983
1987
1988
1988
1992
1996
2002
2014
2016
2019
2037
2022
2025
2033
2036
2039
2040
2045
2033
2044
2039
2047
2044
2044
2034
2040
2034
2029
2029
2011
2010
2011
2017
2010
1998
1994
1999
2002
1986
1980
1978
1974
1971
1970
1958
1957
1963
1956
1965
1954
1956
1951
1951
1953
1947
1949
1948
1943
1953
1942
1953
1953
1955
1946
1957
1955
1954
1961
1962
1972
1970
1969
1972
1975
1975
1976
1977
1982
1989
1983
1991
1994
2001
1996
1994
1996
1999
1994
2004
1998
2002
2009
1994
2003
1998
2005
1998
2005
2003
2000
2004
2005
2001
2005
2003
2004
1998
1996
2000
1998
1996
1998
1992
2001
1992
1989
1989
1989
1994
1991
1986
1996
1980
1993
1992
1984
1995
1985
1989
1987
1988
1979
1987
1990
1992
1985
1987
1981
1991
1992
1986
1998
1990
1997
1997
2004
2004
2005
2017
2032
2030
2050
2067
2088
2097
2114
2139
2158
2172
2197
2222
2242
2256
2276
2301
2312
2329
2337
2352
2364
2362
2363
2365
2365
2364
2363
2353
2347
2333
2324
2305
2300
2278
2258
2251
2235
2217
2213
2191
2185
2170
2155
2138
2128
2127
2114
2105
2103
2087
2081
2072
2078
2077
2063
2073
2064
2063
2047
2051
2046
2046
2047
2045
2035
2034
2024
2013
2028
2009
2011
2002
1993
1992
1985
1990
1975
1973
1976
1969
1976
1981
1974
1982
1976
1978
1985
1986
1987
1986
2000
2010
2010
2016
2021
2018
2017
2020
2026
2029
2039
2035
2030
2034
2028
2032
2026
2031
2032
2031
2030
2035
2021
2025
2019
2013
2009
2013
2014
2010
2004
1996
2004
1986
1981
1984
1980
1980
1974
1969
1978
1972
1969
1976
1972
1959
1964
1962
1965
1956
1960
1963
1954
1965
1960
1956
1964
1954
1956
1970
1964
1956
1960
1979
1969
1958
1966
1975
1965
1972
1975
1974
1973
1986
1971
1980
1983
1987
1988
1988
1988
1985
1986
1991
1993
1989
1993
1994
1997
1989
1994
1992
1997
1999
1991
1999
1998
1992
2002
1998
1993
1996
1995
1997
1997
1988
1999
1997
2000
1987
1995
1994
1998
1996
1996
1989
1998
1991
1989
1985
1989
1989
1989
1998
1998
2005
1997
1986
1989
1988
1999
1993
1996
1991
1994
1991
1996
2006
2006
2014
2026
2034
2051
2066
2073
2107
2119
2137
2170
2185
2205
2229
2250
2264
2291
2313
2331
2338
2346
2357
2362
2371
2379
2376
2378
2370
2374
2362
2353
2342
2334
2312
2308
2292
2263
2257
2243
2224
2206
2191
2180
2163
2157
2143
2142
2126
2114
2102
2102
2098
2078
2082
2059
2066
2052
2048
2053
2048
2040
2037
2041
2022
2018
2012
2002
2005
1995
1992
1988
1984
1981
1965
1972
1969
1962
1964
1960
1962
1958
1957
1961
1956
1965
1972
1974
1976
1979
1996
2003
1996
2005
2016
2022
2023
2020
2030
2036
2036
2032
2043
2041
2040
2042
2042
2041
2031
2034
2039
2041
2041
2028
2027
2026
2020
2014
2009
2008
2006
2001
1990
1994
1991
1986
1983
1975
1975
1978
1966
1969
1962
1958
1962
1962
1958
1955
1969
1967
1968
1972
1971
1972
1977
1973
1978
1990
1997
2011
2018
2036
2042
2066
2081
2102
2112
2135
2152
2166
2183
2195
2203
2217
2224
2233
2241
2246
2258
2263
2260
2242
2244
2237
2233
2235
2216
2213
2200
2183
2172
2154
2138
2121
2105
2090
2069
2049
2037
2019
1997
1991
1975
1961
1940
1929
1921
1905
1896
1893
1885
1878
1868
1869
1876
1876
1868
1876
1876
1892
1896
1902
1899
1918
1933
1939
1951
1962
1973
1979
1990
2001
1997
2007
2026
2029
2030
2035
2043
2059
2058
2061
2058
2053
2061
2056
2054
2056
2051
2057
2046
2047
2051
2040
2035
2028
2025
2020
2015
2007
2013
1996
2004
1985
1985
1989
1984
1975
1978
1972
1972
1966
1964
1969
1971
1960
1962
1961
1959
1956
1964
1960
1961
1961
1958
1958
1956
1959
1961
1967
1972
1972
1977
1972
1974
1978
1973
1984
1985
1985
1984
1982
1985
1986
1992
1984
1987
1990
1988
1986
1986
1992
1990
1986
1989
1986
1986
1988
1992
1988
1981
1986
1984
1982
1986
1979
1991
1991
1990
1989
1990
1996
1994
1982
1984
1986
1991
2002
1993
1988
1988
1993
1990
1989
1993
1990
1999
1999
2000
1994
1991
1986
1991
1992
1992
1993
1986
1999
1995
1984
1989
1997
1985
1988
1998
1991
1989
1989
1988
1993
1992
1993
1985
1992
1988
1997
1993
1992
1997
1992
1993
1988
1986
1986
1988
1993
1988
1997
1989
1996
1993
2000
2001
1996
1999
1999
1995
1994
1992
1997
2002
2011
1999
1999
1998
1996
2000
1999
2001
2001
1998
2001
2000
1995
1990
1993
1999
1999
1998
1995
1995
1997
1997
2000
2001
1996
2002
2001
2002
2001
2001
2004
2005
2006
2005
2005
2009
2009
2005
2009
2011
2016
2014
2005
2005
2003
2001
2001
2013
2009
2003
2019
2025
2031
2034
2039
2056
2067
2082
2102
2119
2139
2153
2172
2197
2232
2255
2273
2295
2317
2337
2352
2369
2388
2405
2405
2424
2430
2432
2431
2436
2430
2425
2411
2408
2397
2378
2370
2359
2348
2334
2312
2296
2274
2264
2247
2233
2211
2197
2191
2181
2170
2160
2143
2128
2128
2112
2122
2114
2104
2102
2091
2095
2091
2089
2076
2069
2069
2071
2067
2069
2058
2054
2044
2044
2042
2038
2033
2025
2025
2022
2007
2009
2007
2007
2018
2004
2004
1995
2002
2000
2006
2007
2015
2017
2012
2025
2028
2029
2018
2034
2037
2046
2037
2034
2037
2044
2044
2034
2043
2047
2040
2041
2043
2045
2040
2039
2040
2037
2036
2032
2025
2016
2014
2018
2009
2008
2003
1999
2005
1992
1982
1984
1973
1973
1980
1980
1973
1966
1968
1977
1976
1965
1964
1963
1965
1955
1965
1959
1965
1956
1957
1959
1958
1968
1962
1965
1967
1972
1970
1970
1973
1979
1978
1983
1976
1982
1979
1987
1980
1974
1983
1989
1985
1991
1993
1997
1990
2002
1999
1991
1999
1990
1993
1992
1994
1989
1996
1993
1990
1989
1996
2002
1995
2001
1998
1984
1990
1988
1993
1996
1990
1996
1997
1997
1996
1987
1988
1987
1993
1988
1988
1990
1988
1981
1988
1985
2001
1999
2001
2009
2008
2009
2022
2023
2029
2049
2062
2082
2096
2105
2132
2149
2178
2200
2217
2242
2265
2292
2311
2315
2351
2356
2365
2380
2382
2397
2404
2403
2405
2399
2398
2390
2380
2369
2352
2342
2337
2310
2297
2284
2266
2256
2234
2211
2188
2175
2165
2156
2143
2124
2116
2109
2096
2086
2077
2074
2071
2064
2049
2046
2043
2048
2050
2044
2026
2019
2016
2014
2015
2008
2007
1994
1994
1995
1976
1972
1971
1975
1972
1972
1950
1949
1957
1957
1956
1948
1964
1953
1966
1962
1964
1968
1965
1972
1975
1989
1994
2000
2002
2000
2001
2005
2013
2020
2018
2025
2027
2028
2024
2020
2032
2023
2024
2033
2017
2021
2028
2025
2017
2013
2013
2015
2010
2003
2002
1995
1997
1992
1997
1980
1981
1981
1978
1974
1964
1966
1956
1961
1954
1960
1957
1961
1951
1946
1956
1942
1950
1952
1958
1952
1948
1952
1958
1954
1956
1957
1961
1959
1958
1953
1958
1971
1973
1971
1972
1971
1972
1975
1972
1971
1979
1983
1980
1981
1987
1989
1974
1987
1990
1999
1986
1996
1995
1988
1988
1994
1987
1985
1988
1998
1991
1997
1996
1995
1991
1989
1987
1991
1994
1987
1989
1981
1986
1985
1994
1982
1972
1981
1975
1985
1982
1975
1983
1992
1988
1993
2001
2006
2024
2026
2042
2054
2059
2088
2099
2123
2150
2167
2186
2219
2241
2260
2288
2302
2329
2340
2351
2373
2390
2404
2406
2408
2418
2418
2409
2394
2398
2396
2382
2368
2352
2334
2325
2303
2280
2271
2249
2228
2214
2183
2166
2167
2150
2126
2109
2103
2094
2078
2061
2051
2038
2036
2042
2028
2035
2017
2010
2004
2007
2004
2001
1996
1985
1979
1986
1982
1981
1974
1972
1968
1965
1957
1955
1961
1953
1950
1947
1960
1956
1957
1963
1967
1963
1966
1964
1979
1986
1989
1990
2001
2000
2002
2009
2013
2015
2026
2025
2025
2027
2033
2030
2031
2039
2038
2034
2026
2028
2029
2024
2029
2033
2020
2024
2009
2008
2002
2002
2003
1994
1988
1985
1988
1973
1974
1973
1972
1972
1964
1957
1962
1965
1975
1962
1965
1960
1961
1952
1962
1956
1956
1956
1955
1961
1961
1961
1956
1958
1968
1967
1951
1964
1972
1969
1962
1966
1969
1971
1967
1975
1975
1980
1975
1984
1986
1977
1974
1977
1979
1985
1975
1972
1982
1992
1988
1982
1990
1993
1975
1998
1984
1981
1987
1985
1984
1987
1985
1987
1994
1984
1983
1992
1984
1985
1998
1988
1983
1976
1989
1988
1986
1983
1991
1976
1987
1983
1999
2002
2005
2010
2025
2019
2031
2040
2055
2070
2091
2119
2139
2157
2185
2202
2233
2243
2270
2287
2316
2332
2345
2350
2364
2378
2370
2370
2386
2387
2382
2375
2369
2363
2349
2336
2316
2290
2286
2273
2249
2238
2215
2204
2175
2165
2141
2128
2115
2101
2083
2069
2057
2048
2042
2030
2027
2011
2009
2009
1996
1996
1982
1988
1987
1977
1970
1980
1974
1971
1968
1951
1954
1943
1955
1956
1959
1944
1947
1950
1947
1948
1948
1953
1955
1953
1961
1961
1974
1980
1989
1988
1989
2000
2008
2012
2007
2012
2023
2025
2030
2033
2036
2034
2034
2029
2021
2032
2032
2033
2028
2034
2027
2022
2021
2018
2005
2016
2009
2007
2007
2000
2009
1994
1988
1994
1985
1981
1977
1968
1972
1967
1969
1963
1967
1952
1955
1956
1950
1964
1949
1944
1957
1944
1944
1942
1951
1958
1949
1949
1949
1956
1952
1953
1956
1962
1964
1963
1953
1964
1971
1976
1975
1976
1960
1980
1987
1983
1980
1972
1981
1978
1979
1976
1982
1980
1977
1982
1988
1988
1991
1993
1988
1993
1995
2009
1988
1995
1994
2004
1983
1996
1991
1988
1993
1988
1993
1987
1993
1992
1989
1994
1986
1994
1980
1985
1983
1989
1990
1981
1981
1993
1993
1989
1984
1997
1992
1997
1993
2006
2012
2018
2026
2044
2063
2085
2105
2118
2131
2154
2186
2206
2220
2242
2277
2296
2315
2327
2355
2366
2373
2389
2395
2409
2412
2411
2407
2397
2391
2383
2366
2358
2341
2334
2320
2294
2274
2259
2252
2230
2210
2188
2169
2150
2131
2123
2112
2106
2078
2078
2071
2061
2056
2052
2029
2026
2040
2023
2030
2016
2017
2008
1997
1994
1996
1998
1993
1989
1979
1973
1973
1974
1966
1963
1954
1949
1949
1953
1944
1951
1942
1945
1934
1954
1962
1962
1963
1965
1965
1970
1975
1988
1991
1995
2000
2009
2000
2016
2014
2017
2028
2031
2032
2027
2035
2035
2024
2030
2029
2035
2042
2024
2013
2014
2015
2018
2017
2018
2018
2007
1996
1991
1988
1979
1981
1975
1981
1977
1976
1973
1963
1963
1965
1961
1959
1957
1962
1955
1956
1950
1954
1946
1940
1951
1954
1957
1956
1956
1960
1965
1962
1964
1957
1959
1968
1969
1970
1959
1966
1970
1971
1970
1976
1971
1978
1970
1982
1980
1984
1984
1983
1984
1990
1985
1983
1988
1998
1985
1988
1999
1995
1995
1993
1989
1987
1992
1987
1989
1992
2000
1993
1995
1987
1990
1985
1993
1985
1994
1993
1989
1991
1993
1991
1995
1998
1990
1998
1993
1990
1993
1991
2003
1981
1993
1989
1988
1993
2001
2001
2003
1995
2008
2012
2024
2032
2043
2064
2075
2098
2110
2138
2155
2177
2202
2223
2238
2269
2297
2311
2339
2355
2370
2376
2393
2403
2401
2400
2409
2416
2401
2394
2390
2384
2370
2354
2334
2321
2302
2277
2256
2240
2218
2202
2181
2172
2149
2134
2130
2114
2099
2083
2073
2061
2049
2040
2046
2036
2025
2019
2018
2017
2008
2009
2003
2003
2001
2003
1999
1996
1993
1983
1973
1974
1973
1985
1972
1966
1962
1964
1961
1959
1960
1957
1960
1965
1966
1971
1971
1969
1972
1979
1978
1981
1992
1992
1999
1993
2019
2011
2021
2018
2020
2026
2032
2030
2026
2032
2033
2025
2036
2031
2036
2028
2029
2025
2018
2022
2025
2017
2009
1996
2008
2001
2001
2000
1991
1992
1981
1978
1982
1979
1975
1973
1965
1969
1968
1969
1961
1958
1965
1965
1968
1961
1968
1963
1961
1959
1958
1954
1952
1959
1949
1961
1961
1964
1963
1967
1967
1976
1967
1979
1974
1986
1974
1975
1976
1980
1981
1972
1983
1983
1982
1982
1992
1982
1984
1985
1994
1994
1992
1998
2001
2001
2000
2004
1995
1994
1996
1992
1997
1997
1996
2001
2005
2000
1995
1994
1987
1996
1989
1993
1986
1994
1990
2007
1987
1994
1989
1994
1986
1987
1981
1987
1981
1991
1999
1992
1996
2007
1993
1998
2005
2025
2038
2045
2057
2082
2100
2112
2134
2159
2186
2212
2230
2251
2274
2291
2311
2326
2341
2365
2375
2385
2391
2388
2393
2387
2376
2365
2358
2348
2330
2315
2311
2295
2273
2246
2229
2203
2185
2172
2166
2140
2123
2102
2084
2085
2065
2053
2036
2022
2019
2018
2007
2001
1995
1990
1990
1982
1978
1976
1975
1979
1968
1969
1972
1966
1966
1953
1960
1952
1959
1956
1944
1944
1942
1950
1954
1954
1955
1957
1963
1975
1975
1983
1986
1997
1993
1996
1993
2005
2013
2020
2018
2025
2030
2035
2036
2037
2038
2033
2028
2045
2041
2046
2045
2043
2030
2038
2029
2021
2033
2023
2020
2033
2012
2014
1997
2004
2002
1997
1985
1989
1981
1980
1980
1974
1974
1976
1975
1972
1963
1965
1965
1962
1967
1967
1958
1971
1957
1951
1966
1967
1963
1963
1964
1966
1967
1976
1973
1970
1967
1972
1981
1972
1978
1977
1988
1978
1982
1981
1976
1981
1983
1991
1985
1981
1994
1993
1992
1997
1990
1991
1997
1992
1981
1986
1997
1999
1995
1982
1986
1987
1994
1990
1996
2000
1987
1992
1997
1989
1988
1990
1987
1998
1996
1997
2002
1998
2001
1997
1994
1991
1987
1999
1990
1994
1984
1987
1985
1990
2000
1985
1987
1985
1999
2000
2009
2001
2017
2020
2038
2052
2065
2090
2109
2132
2141
2175
2200
2215
2243
2262
2286
2310
2335
2339
2353
2361
2381
2387
2399
2403
2410
2400
2393
2384
2388
2370
2348
2332
2320
2303
2280
2260
2244
2230
2209
2199
2177
2154
2137
2121
2105
2095
2079
2073
2048
2051
2027
2031
2022
2011
2013
2008
2008
2009
1992
1987
1993
1997
1981
1984
1989
1983
1967
1974
1981
1975
1965
1964
1969
1958
1965
1958
1955
1954
1966
1969
1955
1963
1963
1963
1968
1977
1988
1993
2004
1995
1990
2001
2006
2006
2015
2013
2024
2024
2027
2033
2037
2034
2037
2042
2039
2040
2039
2035
2039
2030
2029
2029
2042
2021
2019
2006
2000
1999
2007
1995
2000
1989
1988
1987
1981
1990
1976
1973
1968
1969
1968
1973
1966
1968
1960
1958
1965
1961
1967
1956
1954
1963
1966
1963
1966
1967
1970
1961
1966
1963
1965
1968
1976
1975
1974
1970
1973
1978
1985
1990
1993
1990
1990
1989
1996
1990
1987
1994
1988
1990
1981
1984
2001
1989
2003
2001
1999
1997
2001
1993
1997
1987
1993
1989
1998
1997
2002
2001
2002
1996
1998
1992
1992
1999
2009
2006
2000
1995
1992
1996
2003
1993
1997
2000
2000
1997
2003
1999
1997
1998
1996
2001
1998
1998
2002
2002
2001
2001
2008
2021
2031
2033
2052
2068
2068
2091
2111
2129
2153
2180
2199
2229
2249
2272
2291
2316
2332
2348
2364
2377
2398
2402
2408
2410
2412
2403
2404
2391
2376
2366
2357
2341
2324
2312
2292
2276
2267
2242
2223
2202
2186
2172
2149
2144
2123
2107
2090
2088
2076
2054
2049
2043
2039
2029
2024
2014
2016
2016
2003
2011
2010
2004
1992
1991
1998
1996
1989
1987
1972
1976
1976
1985
1973
1972
1956
1972
1970
1956
1959
1956
1969
1963
1960
1971
1972
1973
1980
1986
1989
1993
1993
2013
2014
2012
2014
2030
2024
2032
2037
2032
2042
2041
2045
2049
2053
2051
2051
2048
2045
2042
2037
2033
2032
2026
2029
2020
2016
2018
2014
2011
2006
1996
1999
1991
1990
1986
1984
1975
1978
1966
1967
1970
1971
1960
1954
1972
1969
1954
1963
1972
1959
1958
1957
1964
1965
1962
1958
1959
1966
1971
1964
1957
1966
1972
1982
1985
1983
1984
1976
1976
1977
1982
1980
1981
1987
1988
1995
1993
1995
1996
1994
1984
1990
1985
1998
1999
1994
1992
2000
1997
1998
1997
1994
1991
2000
2005
2001
2001
1997
2010
2005
1998
2002
1997
1994
1996
1998
1996
1999
2005
2008
2009
2004
2005
1998
2003
2000
2005
2000
2006
2010
2022
2019
2032
2047
2060
2075
2096
2116
2126
2142
2159
2179
2205
2236
2254
2286
2299
2322
2339
2356
2365
2379
2388
2388
2400
2405
2382
2385
2383
2379
2357
2340
2327
2326
2304
2277
2273
2253
2224
2201
2184
2172
2144
2130
2120
2104
2089
2076
2049
2041
2032
2035
2023
2013
2007
2000
1993
1983
1980
1989
1979
1988
1969
1973
1971
1972
1970
1965
1965
1967
1964
1952
1957
1951
1952
1958
1961
1960
1953
1964
1959
1964
1973
1977
1973
1975
1982
1984
1993
2008
2007
2010
2027
2023
2033
2037
2037
2037
2037
2037
2042
2047
2046
2043
2046
2045
2042
2041
2044
2037
2040
2027
2035
2034
2025
2018
2014
2008
2004
2003
2004
2003
1994
1985
1984
1985
1980
1976
1969
1968
1973
1974
1966
1966
1960
1971
1969
1969
1963
1965
1972
1962
1968
1961
1969
1966
1967
1977
1982
1979
1972
1972
1981
1983
1990
1990
1987
1991
1988
2003
1995
1987
1995
1991
2003
1993
2002
1995
1996
1997
1999
2001
1992
1996
1993
1992
1986
1993
1991
1991
1996
1991
1994
1996
1985
1989
1995
2001
2005
1989
1980
1992
1996
1993
1990
1988
1995
1993
1981
1988
1991
1985
1994
1988
1989
1990
1991
1985
1994
1999
2003
2009
2013
2016
2032
2044
2063
2081
2100
2113
2139
2157
2193
2219
2236
2252
2288
2320
2335
2350
2373
2392
2405
2414
2421
2425
2435
2431
2438
2427
2414
2410
2392
2375
2365
2337
2324
2305
2286
2255
2236
2219
2206
2183
2163
2136
2132
2115
2096
2088
2061
2059
2028
2033
2029
2020
2017
2006
2001
1994
1990
1985
1988
1989
1994
1989
1990
1990
1980
1978
1978
1975
1975
1970
1960
1969
1963
1956
1961
1957
1955
1961
1966
1956
1967
1962
1961
1973
1976
1980
1979
1977
1989
1996
1998
2005
2008
2018
2016
2019
2024
2023
2037
2036
2037
2036
2035
2031
2034
2030
2043
2026
2034
2033
2035
2027
2021
2019
2013
2014
2006
2000
1997
1995
1997
1982
1978
1983
1978
1983
1973
1977
1966
1962
1961
1963
1960
1964
1954
1965
1967
1954
1959
1953
1950
1955
1958
1958
1961
1964
1962
1962
1965
1964
1962
1960
1960
1964
1976
1970
1980
1981
1978
1980
1978
1979
1981
1977
1985
1986
1985
1990
1984
1994
1989
1994
1989
1988
1990
1997
1990
1991
1992
1979
1995
1999
1992
1999
1992
1994
1996
1997
2000
1998
1990
1992
1987
1990
1991
1994
1988
1986
1989
1993
1979
1991
1986
1989
1990
1988
1980
1984
1991
1981
1986
1987
1987
1992
2001
2020
2029
2029
2055
2078
2100
2115
2135
2163
2177
2211
2239
2257
2284
2299
2329
2348
2370
2381
2402
2405
2414
2418
2416
2410
2408
2407
2397
2380
2365
2345
2334
2314
2303
2278
2244
2229
2212
2193
2170
2141
2124
2110
2093
2077
2057
2040
2039
2020
2016
2005
1993
1991
1984
1979
1971
1959
1969
1967
1969
1963
1971
1968
1971
1959
1955
1954
1956
1956
1958
1951
1939
1952
1945
1966
1945
1947
1951
1953
1951
1957
1958
1969
1968
1984
1977
1974
1986
1992
1992
2005
2000
2020
2028
2033
2030
2035
2037
2045
2049
2045
2045
2048
2052
2051
2040
2047
2045
2045
2045
2036
2025
2029
2029
2024
2025
2012
2000
2006
1999
2000
1994
1986
1990
1986
1985
1986
1976
1978
1973
1974
1963
1968
1969
1976
1962
1967
1960
1968
1966
1966
1968
1970
1968
1961
1969
1975
1976
1979
1979
1957
1976
1975
1977
1986
1980
1986
1988
1989
1992
1994
1995
1991
1993
1990
1994
1998
1988
1993
1990
1994
2000
1996
1997
1990
1989
2000
2002
1997
2004
1999
2004
1996
1992
1999
1990
1999
1997
1998
2008
1996
2000
1993
2001
2006
2007
2000
1988
1988
2001
1998
2005
1999
2003
1995
1996
2001
1993
1997
1992
1994
2008
2000
2003
2016
2020
2024
2032
2039
2056
2074
2083
2115
2122
2146
2180
2198
2225
2252
2277
2294
2314
2324
2344
2367
2376
2391
2388
2398
2401
2396
2397
2382
2386
2370
2361
2357
2321
2301
2290
2257
2236
2225
2204
2180
2162
2142
2122
2105
2086
2078
2053
2037
2031
2015
1999
1977
1977
1971
1966
1952
1957
1961
1952
1947
1938
1939
1932
1937
1934
1927
1928
1936
1931
1923
1932
1927
1943
1933
1940
1943
1950
1951
1957
1956
1968
1970
1981
1989
1992
1993
2000
2009
2015
2017
2024
2041
2047
2048
2050
2060
2055
2058
2056
2054
2062
2059
2061
2065
2068
2063
2064
2058
2049
2050
2043
2029
2034
2030
2015
2033
2011
1996
2002
2000
1988
1976
1990
1982
1985
1972
1961
1968
1972
1964
1969
1952
1957
1958
1961
1960
1949
1955
1953
1960
1959
1961
1959
1964
1962
1963
1961
1964
1973
1970
1975
1970
1983
1993
1992
1985
1989
1993
1998
1986
2001
1996
1993
2001
2003
2005
2007
2001
2001
2002
2004
2004
2002
2008
2018
2013
2012
2012
1997
2001
2006
2011
2014
2005
2017
2017
2006
2005
1995
1996
1997
2002
2001
1996
2001
1990
1995
1991
1995
2006
2005
1996
2000
1999
1989
1983
1988
1997
1997
1992
1996
1987
2005
2008
2015
2024
2037
2047
2059
2079
2090
2118
2136
2166
2184
2210
2243
2278
2297
2319
2348
2366
2388
2398
2415
2425
2437
2445
2443
2441
2426
2419
2416
2411
2403
2391
2358
2349
2336
2313
2291
2264
2244
2220
2199
2184
2158
2139
2123
2103
2085
2071
2061
2038
2030
2021
2012
2011
2015
2010
2005
1999
1995
2001
1997
1988
1994
1995
1991
1988
1981
1986
1985
1976
1976
1975
1973
1976
1975
1966
1967
1957
1961
1966
1965
1958
1962
1968
1961
1972
1975
1974
1970
1983
1996
1983
2000
2011
1995
2016
2020
2022
2023
2038
2024
2030
2033
2035
2037
2040
2032
2041
2034
2041
2032
2041
2043
2032
2020
2022
2013
2022
2021
2020
2013
2011
2008
1996
1990
1981
1977
1978
1982
1969
1968
1961
1956
1958
1956
1961
1967
1961
1951
1957
1959
1957
1951
1950
1954
1960
1952
1955
1965
1960
1959
1966
1973
1968
1974
1972
1973
1975
1983
1971
1974
1982
1981
1982
1982
1994
1988
1994
1983
1991
1989
1993
1987
1986
1989
1993
1993
1991
1993
1992
2007
2008
2024
2021
2033
2044
2064
2086
2104
2116
2140
2155
2180
2202
2225
2240
2261
2293
2311
2327
2346
2360
2360
2369
2381
2379
2375
2371
2366
2365
2350
2339
2329
2309
2293
2273
2244
2226
2204
2185
2162
2149
2131
2104
2090
2085
2048
2030
2013
2016
2002
1978
1990
1964
1948
1937
1926
1916
1913
1893
1888
1886
1885
1873
1879
1881
1874
1872
1879
1868
1880
1891
1890
1895
1903
1924
1924
1929
1936
1959
1969
1976
1999
1997
2008
2012
2025
2045
2040
2046
2052
2059
2073
2070
2073
2076
2078
2083
2081
2074
2083
2080
2071
2069
2063
2052
2048
2043
2034
2029
2029
2011
2016
2012
2008
1999
1991
1981
1985
1983
1980
1968
1969
1965
1967
1968
1968
1964
1962
1961
1952
1956
1958
1951
1960
1958
1957
1960
1957
1958
1957
1968
1967
1970
1976
1967
1972
1973
1972
1969
1972
1979
1978
1979
1978
1990
1986
1982
1987
1984
1990
1988
1990
1991
1988
1990
1993
1991
1998
2002
2005
1995
2001
1999
1991
1993
1995
2000
1992
1988
1998
1992
1992
1987
1991
1991
1990
1995
1994
1980
1985
1993
1988
1987
1976
1989
1995
2001
1990
1996
1986
1995
1991
1984
1984
1989
1989
1989
1989
1988
1985
1990
1996
1989
1984
1993
2000
1993
1991
1993
1993
1992
1987
1990
1989
1982
1991
1999
1993
1998
1993
1995
1994
1996
1989
1990
1988
1988
1985
1996
1999
2000
1995
1992
1995
2000
1997
1997
2002
1996
1996
2000
1999
2000
2002
2006
2010
