1792
1998
2098
1990
1925
1972
2025
2023
2136
2471
2207
1868
1837
2030
1995
1861
1840
1898
1999
2045
2037
2334
2536
2128
1884
1961
2114
2052
1933
1944
2001
2018
2010
1979
2022
2491
2439
2005
1881
1994
2080
1973
1908
1958
2003
2029
2018
1991
1993
2370
2505
2042
1848
1977
2135
2025
1899
1931
2000
2026
2011
1995
2022
2504
2528
2039
1864
1999
2134
2024
1907
1931
2002
2017
2000
1984
1989
2464
2624
2064
1835
1949
2126
2041
1908
1905
1966
2010
1996
1968
1976
2472
2569
1981
1752
1940
2117
2004
1872
1888
1952
1992
1991
1961
2137
2574
2245
1855
1841
2032
2080
1960
1897
1931
1976
2005
1991
2007
2423
2482
2019
1826
1952
2123
2052
1932
1922
1977
2015
2007
2035
2449
2404
1954
1803
1995
2142
2031
1911
1913
1976
2027
2003
2212
2587
2239
1860
1853
2049
2102
1970
1901
1927
1998
2015
2028
2425
2508
2030
1798
1921
2103
2060
1931
1897
1946
1997
2005
2250
2544
2135
1809
1867
2098
2101
1951
1903
1948
1988
2007
2222
2581
2215
1846
1859
2057
2101
1967
1900
1941
2022
2433
2395
1917
1754
1974
2137
2036
1915
1917
1976
2009
2012
1993
2064
2518
2394
1914
1799
2036
2162
2022
1909
1930
1988
2024
2198
2606
2277
1867
1847
2066
2128
1977
1894
1938
1999
2015
2382
2597
2078
1787
1900
2102
2064
1916
1889
1959
1993
2036
2470
2431
1926
1788
1962
2104
2005
1904
1918
1980
2003
2207
2465
2094
1809
1879
2080
2056
1937
1918
1959
1994
2014
2381
2414
2003
1834
1944
2066
2026
1940
1956
2003
2018
2017
2410
2484
2052
1874
1973
2115
2044
1945
1945
1994
2021
2075
2480
2354
1929
1822
2036
2122
1982
1900
1939
1998
2019
2044
2480
2407
1965
1842
1962
2073
1996
1909
1929
1983
2005
1984
2168
2498
2165
1875
1874
2022
2041
1945
1908
1947
1985
1984
2012
2355
2300
1942
1858
1963
2058
2001
1928
1946
1994
2013
2021
2306
2321
2003
1893
2010
2098
2010
1947
1968
2018
2024
2007
2243
2490
2164
1930
1948
2096
2087
1973
1934
1974
2014
2018
2031
2389
2413
2003
1854
1970
2092
2032
1937
1927
1972
2016
2013
2072
2420
2264
1917
1861
2037
2098
1995
1931
1961
2004
2024
2019
2323
2439
2057
1888
1970
2108
2060
1954
1941
1987
2017
2021
2067
2474
2385
1961
1875
2025
2120
2024
1930
1936
1991
2020
2008
2175
2528
2201
1839
1864
2112
2126
1966
1911
1958
2009
2016
2092
2508
2312
1880
1817
2026
2130
1999
1904
1930
1990
2009
2020
2384
2432
1989
1803
1960
2157
2101
1960
1908
1940
2001
2119
2508
2299
1854
1790
2039
2145
2001
1892
1918
1978
2000
2029
2424
2420
1948
1803
1943
2097
2032
1923
1918
1963
1987
2006
2312
2411
2016
1816
1927
2096
2063
1946
1923
1966
1995
2020
2272
2282
1970
1842
1963
2079
2024
1948
1940
1972
1993
2136
2248
2055
1906
1939
2041
2050
1990
1968
1981
2000
2082
2248
2129
1958
1954
2058
