1984
2002
2006
2010
2013
2013
2009
2009
2009
2017
2028
2050
2061
2093
2132
2163
2199
2238
2283
2308
2333
2345
2358
2362
2349
2335
2322
2310
2273
2257
2216
2201
2174
2149
2130
2120
2109
2090
2068
2062
2061
2050
2036
2033
2028
2029
2019
2026
2029
2032
2038
2040
2051
2056
2068
2067
2065
2076
2083
2081
2074
2077
2071
2064
2058
2044
2041
2033
2021
2012
2015
2008
2008
1998
1987
1992
1995
1993
1993
1996
1998
2004
2001
2008
2001
2009
2015
2018
2019
2017
2020
2020
2022
2020
2027
2035
2023
2030
2027
2026
2033
2031
2028
2025
2024
2021
2024
2019
2022
2017
2016
2018
2017
2026
2036
2052
2072
2112
2142
2192
2232
2291
2340
2384
2426
2460
2468
2487
2486
2473
2449
2426
2397
2362
2326
2292
2260
2224
2194
2166
2141
2127
2102
2093
2072
2063
2047
2040
2024
2018
2013
2003
2006
2007
2009
2018
2034
2042
2042
2045
2065
2059
2069
2067
2077
2056
2059
2052
2043
2028
2024
2014
2008
1999
1993
1985
1975
1976
1967
1968
1968
1969
1960
1964
1968
1968
1972
1970
1974
1974
1984
1982
1988
1990
1992
1993
2003
1995
2006
2000
1997
1996
2005
2000
2003
2005
1994
2001
1989
2004
1993
1997
1997
1993
1994
1988
1986
1988
1992
1989
1986
1993
1982
1992
1995
2000
2021
2033
2063
2100
2152
2203
2263
2317
2366
2412
2456
2477
2492
2497
2491
2465
2433
2409
2359
2312
2282
2232
2193
2152
2127
2092
2072
2052
2036
2031
2011
2002
1991
1978
1963
1957
1965
1961
1971
1962
1973
1985
1998
2016
2020
2031
2040
2037
2038
2044
2045
2040
2036
2026
2023
2013
1999
1989
1986
1980
1975
1962
1957
1949
1944
1931
1939
1940
1944
1945
1948
1944
1953
1954
1949
1962
1959
1968
1968
1973
1978
1981
1983
1980
1981
1991
1992
1993
1991
1989
1992
1995
1996
1991
1991
1990
1990
1991
1988
1986
1982
1985
1986
1987
1982
1980
1986
1972
1981
1987
1976
1988
1995
1997
2019
2038
2077
2113
2151
2205
2243
2293
2328
2356
2378
2390
2384
2381
2360
2342
2309
2266
2237
2194
2164
2129
2098
2074
2050
2022
2010
1984
1981
1966
1958
1949
1951
1946
1944
1949
1956
1970
1977
1997
1996
2012
2023
2038
2046
2043
2048
2057
2055
2045
2048
2035
2026
2027
2014
2006
1997
1990
1989
1977
1971
1962
1963
1969
1967
1958
1966
1963
1960
1965
1975
1973
1976
1973
1981
1984
1983
1989
1992
1996
2001
1998
2004
2001
2005
2008
2015
2006
2001
2003
1997
2001
2000
1999
2005
1997
1998
2000
2005
1999
2004
1996
1994
1996
1997
1997
2001
1994
2000
2007
2003
2001
2003
2011
2017
2040
2055
2088
2129
2168
2208
2257
2300
2332
2364
2392
2408
2403
2402
2390
2372
2359
2331
2295
2264
2232
2212
2172
2155
2123
2108
2085
2081
2066
2053
2044
2035
2028
2019
2021
2011
2012
2002
2009
2018
2020
2024
2034
2039
2050
2052
2051
2061
2067
2069
2058
2054
2050
2053
2037
2033
2026
2024
2005
2005
2001
1992
1989
1988
1976
1978
1981
1977
1982
1978
1985
1980
1983
1982
1995
1986
1997
1996
2008
1992
2007
2007
2009
2013
2012
2013
2014
2014
2008
2020
2016
2010
2009
2014
2018
2015
2016
2009
2009
2011
2007
2012
2008
2014
2005
2006
2010
2008
2014
2008
2012
2006
2011
2003
2005
2015
2018
2044
2061
2083
2122
2172
2224
2278
2327
2371
2411
2446
2465
2485
2473
2471
2450
2421
2395
2351
2316
2284
2241
2207
2170
2143
2123
2105
2082
2071
2058
2051
2039
2025
2029
2019
2014
2010
2005
2007
2004
2020
2026
2035
2046
2048
2062
2065
2071
2071
2068
2069
2073
2061
2055
2052
2042
2026
2026
2010
2001
1999
1994
1979
1974
1968
1961
1970
1974
1979
1966
1964
1969
1964
1973
1970
1978
1983
1985
1990
1990
1995
2004
1999
1993
2006
2004
2009
2004
2001
2004
2003
2008
2004
1999
1999
2006
2001
2008
2008
1998
2000
1999
2001
2002
2003
2002
2000
1998
1990
1994
1998
2000
1999
1996
2006
2011
2026
2053
2089
2124
2167
2213
2268
2320
2365
2401
2435
2446
2449
2447
2429
2411
2367
2336
2284
2248
2205
2165
2122
2092
2065
2039
2024
2008
1986
1973
1964
1956
1951
1942
1954
1957
1959
1977
1989
2000
2013
2025
2039
2053
2063
2071
2070
2079
2076
2071
2067
2060
2053
2040
2028
2020
2009
1994
1986
1980
1974
1974
1967
1957
1954
1960
1953
1958
1959
1951
1958
1968
1967
1979
1974
1972
1980
1983
1980
1995
1993
2000
1999
1997
2005
2009
2011
2005
2005
2008
2014
2004
2006
2006
2004
2007
2004
1995
2004
2003
1994
1991
1994
1993
1994
1998
2001
2012
2029
2045
2081
2122
2172
2212
2264
2317
2357
2394
2411
2429
2427
2420
2413
2382
2355
2321
2284
2250
2207
2161
2132
2095
2068
2047
2032
2010
2009
2000
1985
1978
1970
1963
1972
1971
1969
1975
1989
1991
1999
2007
2020
2032
2040
2047
2047
2060
2052
2056
2059
2057
2043
2044
2030
2022
2012
2005
1993
1981
1979
1969
1962
1962
1968
1963
1955
1958
1962
1957
1957
1966
1969
1971
1972
1978
1986
1993
1987
1994
1996
1988
1993
1996
2001
2003
2004
2003
2003
2009
2009
2008
2007
2011
2005
2014
2012
2001
2002
2004
2006
1998
2001
1996
2000
2006
1996
2012
2012
2031
2054
2085
2124
2173
2219
2273
2324
2370
2408
2437
2460
2464
2461
2451
2424
2399
2360
2326
2281
2245
2208
2174
2142
2114
2086
2061
2052
2029
2029
2022
2007
2000
1996
1991
1983
1982
1986
1993
1993
2004
2010
2010
2027
2034
2047
2054
2061
2062
2060
2063
2064
2051
2044
2042
2032
2030
2012
2001
2000
1993
1992
1983
1975
1973
1971
1961
1961
1957
1961
1969
1972
1970
1976
1980
1981
1983
1985
1988
1992
1996
1994
1999
2004
2008
2004
2004
2001
2005
2005
2006
2004
2004
2007
1998
2002
1999
2003
1998
2002
1996
2004
1997
1996
1999
1998
1994
1996
2005
2023
2045
2072
2120
2157
2210
2268
2318
2372
2421
2449
2478
2487
2490
2479
2454
2418
2389
2344
2299
2254
2212
2168
2143
2105
2080
2059
2024
2011
2008
1996
1986
1984
1970
1971
1971
1969
1977
1975
1989
1990
2003
2019
2031
2050
2050
2056
2064
2065
2077
2065
2061
2063
2058
2041
2032
2021
2009
2001
1997
1990
1984
1974
1967
1968
1960
1964
1960
1958
1956
1954
1957
1961
1965
1970
1973
1978
1980
1982
1992
1992
1995
1997
2002
1997
2010
2005
2006
2013
2004
2008
2008
2010
2000
2009
2003
2008
2002
1998
1997
2000
1994
1994
1994
1996
1992
2000
2008
2020
2048
2081
2121
2170
2221
2268
2324
2360
2400
2424
2436
2437
2427
2426
2378
2342
2302
2264
2214
2176
2125
2102
2060
2028
2013
1994
1970
1957
1943
1929
1932
1928
1921
1940
1943
1948
1970
1985
1988
2011
2027
2047
2052
2069
2071
2080
2081
2084
2081
2074
2068
2058
2044
2035
2024
2012
1998
1997
1982
1972
1973
1956
1965
1964
1954
1960
1959
1958
1955
1958
1963
1972
1968
1969
1980
1995
1989
1995
1991
2007
2001
2001
2004
2013
2005
2011
2019
2015
2009
2003
2006
2001
2006
2008
2007
2000
1991
1998
1996
1993
2000
2014
2021
2050
2071
2112
2159
2202
2249
2298
2345
2389
2415
2426
2425
2436
2413
2396
2363
2319
2288
2249
2207
2170
2134
2104
2079
2047
2030
2015
2003
1988
1978
1977
1976
1972
1968
1965
1963
1961
1978
1987
1993
2002
2013
2019
2038
2045
2046
2048
2064
2055
2055
2048
2042
2045
2041
2028
2028
2011
2001
1991
1978
1980
1974
1961
1971
1958
1954
1960
1957
1968
1961
1964
1965
1980
1977
1970
1981
1970
1987
1994
1990
2000
1995
2002
2001
2002
2009
2006
2015
2010
2016
2010
2006
2013
2005
2008
2006
2013
2003
2007
2005
2005
2001
2006
2016
2038
2056
2083
2122
2176
2224
2268
2324
2368
2398
2426
2441
2442
2440
2419
2392
2368
2327
2286
2255
2203
2166
2140
2108
2077
2063
2038
2014
2019
2005
2000
1986
1977
1983
1974
1971
1978
1982
1983
1993
2000
2010
2016
2028
2039
2061
2054
2060
2061
2064
2052
2058
2057
2048
2042
2041
2034
2022
2008
2003
2002
1983
1981
1976
1974
1968
1967
1956
1964
1967
1976
1972
1970
1973
1974
1975
1983
1990
1987
1990
2002
2001
1996
2011
2014
2008
2014
2014
2015
2008
2010
2011
2015
2008
2017
2008
2011
2009
2000
2004
2006
2005
1998
2018
2033
2064
2085
2114
2161
2210
2271
2316
2359
2396
2427
2444
2449
2442
2428
2401
2375
2338
2300
2249
2212
2169
2132
2109
2065
2036
2019
2010
1987
1972
1981
1965
1962
1950
1951
1955
1961
1972
1987
1992
2005
2024
2040
2056
2068
2069
2080
2080
2089
2080
2070
2072
2060
2046
2036
2029
2018
2008
2001
1997
1981
1977
1969
1961
1957
1956
1962
1955
1962
1960
1960
1968
1969
1972
1974
1978
1985
1979
1998
1994
1989
2004
2009
2007
2011
2008
2005
2018
2030
2009
2017
2016
2007
2004
2004
2001
2009
2005
2004
2006
2027
2042
2052
2095
2135
2178
2234
2292
2337
2385
2422
2457
2480
2477
2473
2456
2428
2393
2361
2321
2281
2231
2194
2156
2123
2085
2069
2049
2033
2012
1993
1993
1986
1982
1965
1976
1968
1967
1975
1981
1977
1993
2017
2026
2034
2047
2056
2057
2066
2076
2064
2067
2068
2066
2052
2040
2036
2018
2008
1994
1989
1979
1975
1963
1969
1962
1963
1958
1958
1962
1964
1951
1960
1968
1965
1971
1968
1976
1980
1980
1982
1990
1995
1993
2000
1999
2007
2004
2003
1997
2016
2003
2011
2002
2002
2009
1991
1999
1994
1991
1994
2001
2001
2012
2041
2059
2106
2129
2196
2258
2310
2359
2400
2449
2478
2486
2493
2492
2467
2440
2389
2373
2327
2281
2233
2192
2154
2127
2095
2078
2050
2039
2027
2013
1997
1986
1981
1973
1966
1969
1964
1967
1988
1981
1996
2005
2017
2030
2031
2041
2055
2060
2057
2060
2058
2045
2049
2038
2022
2019
2012
2009
1995
1985
1982
1966
1963
1962
1960
1957
1957
1956
1957
1955
1961
1958
1960
1961
1964
1974
1978
1974
1977
1979
1991
1997
1989
1991
1994
2001
1990
1995
2002
2003
1999
2004
2004
2002
2001
1996
2003
1992
1988
2001
2001
2003
2020
2027
2055
2089
2132
2180
2224
2291
2340
2371
2411
2449
2450
2448
2441
2426
2398
2366
2329
2285
2239
2204
2163
2134
2097
2077
2046
2024
1998
1992
1976
1970
1958
1957
1951
1949
1960
1965
1974
1985
2003
2010
2020
2038
2049
2077
2066
2079
2077
2077
2068
2070
2054
2049
2048
2032
2027
2022
2007
1989
1982
1973
1974
1965
1958
1961
1961
1958
1956
1961
1959
1955
1968
1971
1965
1972
1976
1984
1992
1991
1994
1999
2001
2017
2004
2010
2000
2009
2007
1999
2006
2005
2001
1993
2006
1995
2000
2003
1998
1998
2001
2015
2022
2051
2078
2113
2162
2210
2269
2323
2369
2407
2444
2469
2481
2485
2470
2438
2409
2385
2336
2309
2260
2224
2185
2152
2111
2100
2064
2055
2029
2027
2011
2006
1993
1989
1979
1974
1982
1986
1986
1992
1997
2011
2026
2036
2043
2059
2061
2055
2063
2066
2064
2053
2046
2048
2034
2025
2017
2013
1993
1989
1982
1968
1959
1964
1958
1951
1957
1942
1953
1953
1958
1956
1962
1949
1958
1966
1984
1972
1981
1978
1990
1983
1991
1993
1993
2000
2006
1993
2001
2008
2000
2005
1998
2002
1993
1996
1997
1992
2002
1999
1992
2002
1997
2003
2033
2074
2103
2153
2212
2261
2322
2373
2423
2464
2486
2510
2511
2498
2485
2455
2420
2373
2339
2284
2244
2201
2158
2125
2093
2065
2052
2025
2020
1999
1990
1970
1971
1967
1956
1954
1950
1967
1966
1979
1996
1992
2016
2022
2039
2040
2052
2050
2055
2053
2053
2048
2038
2028
2025
2012
2009
1995
1996
1979
1977
1962
1959
1952
1951
1950
1948
1940
1950
1955
1948
1949
1957
1956
1959
1972
1978
1979
1979
1984
1988
1988
1985
1993
1994
1993
2004
2002
1992
1992
2003
1991
1996
1987
1983
1997
1986
1984
1991
1988
1989
1989
2008
2029
2045
2080
2133
2179
2234
2290
2343
2390
2429
2459
2467
2475
2456
2436
2410
2371
2337
2295
2236
2196
2156
2110
2077
2045
2018
1993
1978
1965
1949
1933
1928
1924
1919
1922
1929
1945
1949
1977
1988
2001
2009
2036
2044
2050
2066
2073
2077
2067
2065
2050
2048
2042
2031
2025
2009
2000
1986
1974
1970
1958
1951
1956
1941
1941
1946
1934
1937
1945
1947
1956
1958
1957
1961
1973
1969
1983
1981
1976
1987
1994
2008
1999
1998
2012
1999
2001
2003
2003
1999
2005
2000
1997
2002
1989
1992
1994
1991
1991
1994
2003
2017
2038
2064
2106
2156
2205
2266
2317
2361
2407
2436
2463
2469
2458
2447
2426
2389
2355
2311
2272
2228
2196
2139
2117
2083
2055
2032
2008
1992
1981
1971
1964
1950
1948
1948
1949
1946
1951
1956
1973
1981
1990
2002
2021
2029
2036
2045
2037
2049
2047
2056
2045
2036
2025
2024
2010
1995
1989
1977
1979
1969
1962
1962
1959
1944
1945
1941
1940
1941
1950
1949
1952
1952
1965
1972
1966
1979
1982
1975
1975
1987
1984
1985
1982
1988
1993
1990
1998
1992
1992
1990
2003
1996
1998
1997
2001
1989
1982
1989
1998
1996
2008
2028
2048
2088
2127
2179
2238
2286
2333
2368
2409
2427
2441
2444
2425
2412
2380
2340
2308
2266
2225
2181
2140
2103
2069
2034
2021
2000
1987
1979
1954
1958
1948
1942
1939
1939
1949
1952
1963
1953
1973
1985
1998
2014
2034
2042
2039
2044
2058
2058
2052
2053
2044
2045
2035
2024
2016
1998
1995
1983
1978
1973
1972
1964
1959
1955
1950
1954
1954
1959
1954
1958
1961
1960
1966
1965
1971
1967
1966
1980
1993
1998
1999
2008
1997
2004
2001
2006
2000
2003
2012
2003
2011
2004
2002
2006
1991
1998
1993
2002
2008
2022
2054
2080
2121
2161
2205
2252
2295
2341
2379
2380
2400
2397
2382
2366
2343
2309
2271
2226
2187
2148
2110
2076
2044
2030
1998
1980
1957
1952
1939
1929
1926
1932
1925
1937
1940
1953
1967
1983
1998
2009
2029
2044
2051
2065
2065
2079
2081
2081
2071
2069
2056
2043
2033
2029
2010
2013
1992
1991
1979
1968
1964
1964
1965
1953
1958
1957
1959
1957
1971
1971
1973
1977
1973
1982
1986
1990
1985
1997
1999
2006
2005
2003
2008
2004
2007
2011
2013
2022
2016
2014
2011
2011
2015
2011
2018
2008
2008
2011
2023
2050
2078
2105
2142
2198
2251
2298
2342
2373
2407
2424
2421
2424
2413
2391
2363
2331
2283
2246
2198
2167
2129
2095
2070
2047
2023
2012
1997
1990
1979
1971
1966
1955
1960
1949
1964
1962
1980
1983
1990
2006
2015
2032
2038
2056
2059
2074
2066
2064
2074
2068
2057
2056
2044
2037
2022
2014
2000
1998
1994
1976
1975
1969
1970
1973
1975
1968
1961
1968
1975
1968
1973
1984
1982
1989
1986
1980
1992
1995
1998
2004
2002
2010
2009
2005
2008
2011
2021
2012
2016
2011
2006
2013
2012
2013
2004
2009
2011
2015
2032
2046
2061
2100
2148
2187
2246
2304
2341
2385
2419
2440
2452
2452
2438
2415
2381
2354
2313
2270
2229
2182
2143
2113
2085
2044
2034
2007
1997
1975
1978
1958
1957
1950
1954
1951
1950
1957
1969
1977
1994
2004
2013
2034
2046
2053
2070
2073
2075
2079
2073
2071
2071
2055
2048
2047
2027
2020
2002
2001
1994
1985
1983
1975
1961
1959
1953
1957
1961
1955
1964
1960
1974
1970
1977
1975
1982
1990
1995
1995
1997
1998
2002
2012
2009
2009
2009
2017
2014
2016
2012
2014
2019
2017
2009
2007
2002
2012
2009
2012
2032
2047
2077
2117
2166
2218
2267
2307
2357
2391
2420
2422
2427
2416
2401
2364
2330
2293
2244
2209
2159
2122
2080
2046
2025
2001
1981
1964
1943
1937
1928
1918
1917
1919
1927
1941
1951
1966
1982
2000
2014
2038
2054
2069
2080
2092
2095
2093
2088
2082
2087
2068
2062
2059
2040
2026
2012
2010
1997
1986
1978
1972
1975
1956
1960
1953
1957
1962
1957
1962
1965
1970
1969
1974
1981
1986
1992
1990
2004
2008
2007
2009
2012
2018
2020
2022
2018
2017
2016
2010
2013
2012
2009
2010
2018
2027
2035
2052
2089
2120
2181
2228
2280
2328
2375
2408
2434
2462
2456
2453
2424
2396
2367
2322
2272
2233
2185
2141
2102
2071
2031
2012
1991
1976
1971
1952
1952
1934
1936
1932
1935
1940
1947
1957
1960
1984
1991
2018
2027
2046
2059
2066
2070
2083
2075
2071
2069
2070
2058
2056
2038
2034
2019
2000
1988
1981
1982
1969
1955
1958
1964
1957
1945
1960
1958
1955
1963
1963
1963
1982
1966
1985
1987
1988
1986
1986
1993
1994
1996
2000
2010
2014
2007
2020
2014
2008
2014
2014
2007
2008
2017
2008
2020
2033
2050
2091
2132
2184
2233
2277
2334
2390
2431
2458
2477
2485
2460
2449
2424
2389
2350
2316
2245
2219
2165
2124
2091
2052
2032
2011
1991
1984
1965
1955
1954
1951
1945
1941
1946
1953
1961
1977
1987
1986
2004
2018
2030
2039
2061
2062
2076
2075
2076
2070
2062
2052
2058
2045
2033
2020
2011
2004
1993
1983
1974
1965
1966
1958
1956
1946
1948
1951
1945
1962
1957
1971
1972
1984
1983
1991
1987
1993
1988
2001
2006
2003
2013
2014
2015
2016
2014
2012
2015
2019
2014
2010
2009
2010
2000
2015
2029
2049
2075
2109
2157
2213
2266
2318
2372
2421
2449
2469
2484
2475
2462
2439
2416
2371
2317
2274
2234
2186
2135
2100
2075
2038
2010
1993
1975
1971
1953
1952
1938
1936
1937
1937
1944
1964
1967
1979
1994
2009
2034
2042
2056
2073
2083
2080
2085
2080
2084
2076
2073
2061
2053
2052
2030
2022
2008
1991
1985
1976
1965
1970
1965
1956
1956
1956
1957
1949
1961
1963
1978
1973
1971
1973
1975
1977
1986
1997
2002
1995
2003
2006
2009
2018
2011
2011
2006
2013
2008
2004
2003
2011
2022
2032
2049
2095
2132
2174
2218
2275
2339
2383
2420
2461
2483
2485
2473
2458
2433
2392
2349
2300
2253
2204
2151
2111
2067
2039
2001
1982
1970
1942
1935
1922
1910
1906
1909
1907
1924
1936
1941
1962
1996
2014
2030
2044
2063
2065
2078
2096
2102
2097
2096
2079
2068
2068
2050
2033
2022
2007
1994
1985
1973
1974
1961
1950
1950
1943
1948
1949
1954
1955
1949
1959
1962
1958
1968
1974
1973
1987
1988
1990
1990
1997
1996
2004
2006
2010
2017
2009
2007
2002
2007
2005
2001
2002
2003
2009
2014
2023
2037
2062
2100
2150
2211
2260
2325
2381
2431
2466
2500
2517
2526
2517
2495
2470
2420
2386
2322
2273
2231
2185
2151
2104
2070
2048
2026
2009
1988
1971
1961
1940
1941
1930
1936
1926
1943
1942
1964
1961
1985
2001
2016
2028
2039
2050
2063
2062
2063
2068
2061
2055
2047
2041
2028
2016
2004
1995
1988
1979
1966
1950
1961
1946
1948
1934
1941
1934
1941
1949
1943
1950
1957
1948
1958
1960
1970
1972
1977
1985
1982
1987
1986
1986
1993
1998
1991
1998
2000
2000
2000
1990
2004
2000
1996
1996
1995
2016
2036
2070
2106
2150
2202
2262
2329
2388
2436
2480
2507
2517
2527
2515
2486
2462
2416
2373
2317
2278
2223
2177
2132
2100
2064
2042
2006
1989
1974
1957
1943
1940
1929
1916
1925
1930
1935
1952
1955
1965
1990
1995
2016
2028
2040
2052
2058
2061
2068
2061
2060
2054
2044
2037
2036
2017
2016
1993
1986
1984
1972
1952
1961
1949
1953
1953
1949
1943
1950
1949
1958
1950
1963
1961
1968
1975
1976
1978
1975
1976
1994
1997
1992
1997
2001
2000
2007
2001
1994
1999
1996
1997
2003
2009
2012
2021
2044
2080
2121
2162
2226
2280
2338
2380
2440
2473
2502
2510
2500
2485
2460
2418
2370
2325
2270
2222
2172
2110
2085
2041
1999
1978
1939
1936
1908
1895
1895
1879
1892
1898
1908
1926
1926
1954
1982
1993
2016
2038
2061
2068
2081
2091
2090
2088
2085
2080
2075
2052
2042
2030
2014
2007
1993
1984
1962
1957
1945
1945
1943
1937
1936
1939
1938
1932
1944
1947
1942
1950
1953
1968
1970
1975
1983
1989
1988
2000
2002
1993
1996
2010
2008
2003
2014
2003
2011
2007
2007
2001
1998
2009
2010
2021
2054
2085
2134
2186
2245
2311
2384
2436
2507
2536
2566
2584
2587
2571
2546
2503
2457
2410
2357
2301
2254
2202
2150
2110
2075
2043
2018
1992
1974
1960
1951
1928
1929
1921
1919
1931
1931
1937
1948
1969
1987
2005
2022
2029
2055
2060
2070
2075
2076
2073
2075
2056
2050
2047
2027
2012
1995
1984
1977
1966
1957
1947
1935
1935
1934
1924
1925
1921
1932
1935
1936
1944
1945
1948
1957
1952
1965
1972
1977
1981
1988
1985
1982
2000
1995
1999
2001
1992
2004
2003
1993
2000
1992
1993
1995
1994
2003
2021
2038
2076
2140
2186
2255
2320
2399
2458
2519
2568
2596
2600
2596
2586
2558
2512
2467
2419
2350
2297
2241
2189
2138
2101
2066
2024
2007
1981
1959
1945
1927
1931
1914
1913
1914
1909
1913
1933
1948
1959
1983
1994
2015
2027
2039
2048
2061
2070
2059
2063
2054
2051
2032
2025
2009
1997
1994
1973
1964
1953
1938
1936
1932
1926
1927
1924
1925
1928
1923
1931
1937
1931
1932
1938
1950
1951
1961
1967
1972
1977
1979
1983
1992
1985
1987
1996
2001
1996
1989
1991
1986
1985
1986
1981
1997
2003
2016
2031
2061
2121
2161
2220
2285
2357
2405
2455
2495
2526
2535
2538
2518
2488
2456
2412
2357
2302
2253
2195
2141
2092
2045
2019
1978
1950
1923
1908
1904
1893
1879
1873
1875
1880
1899
1919
1931
1947
1975
2005
2024
2038
2061
2072
2078
2081
2082
2077
2075
2068
2048
2036
2022
2014
2001
1982
1969
1957
1939
1941
1930
1930
1926
1930
1931
1925
1931
1927
1945
1928
1947
1948
1958
1963
1969
1972
1975
1978
1975
1993
1990
1997
1992
2002
2000
1996
1999
1997
1997
1997
2001
1996
2001
2015
2034
2069
2108
2157
2214
2286
2345
2424
2478
2519
2556
2571
2586
2572
2550
2521
2483
2428
2375
2318
2262
2207
2172
2124
2080
2048
2008
1997
1970
1955
1937
1924
1915
1907
1908
1911
1922
1933
1948
1957
1970
1991
2002
2022
2038
2049
2052
2054
2063
2062
2054
2052
2048
2027
2022
2004
1999
1983
1973
1945
1950
1933
1932
1930
1917
1920
1933
1914
1922
1925
1929
1932
1935
1941
1950
1956
1955
1960
1961
1977
1979
1984
1980
1995
1992
1992
1986
1993
1991
1986
1991
1984
1990
1984
1988
1987
1996
2006
2029
2068
2112
2179
2237
2307
2378
2456
2513
2570
2600
2615
2619
2612
2578
2551
2507
2449
2395
2330
2274
2210
2171
2127
2081
2049
2022
1994
1976
1961
1947
1928
1922
1909
1905
1899
1912
1914
1923
1935
1955
1964
1985
2008
2028
2032
2044
2044
2052
2054
2047
2045
2039
2031
2014
2002
1992
1974
1967
1953
1935
1934
1924
1918
1916
1914
1909
1914
1916
1914
1926
1920
1929
1930
1939
1942
1951
1963
1967
2000
2016
2054
2108
2157
2208
2272
2341
2382
2438
2470
2489
2499
2493
2477
2457
2409
2353
2307
2245
2192
2131
2060
2014
1958
1909
1867
1823
1788
1773
1756
1752
1760
1777
1791
1826
1860
1890
1926
1966
2005
2032
2060
2078
2093
2103
2100
2103
2092
2094
2078
2063
2037
2031
2008
1992
1984
1958
1947
1934
1929
1930
1918
1908
1916
1910
1910
1919
1916
1931
1932
1934
1945
1947
1950
1953
1961
1966
1970
1981
1982
1996
1984
1995
1987
1991
1993
1997
1996
1990
1990
2000
1988
1988
1990
1989
1995
1983
1985
1986
1970
1980
1986
1978
1984
1986
1987
1986
1985
1989
1975
1991
1990
1982
1988
1982
1989
2002
2012
2047
2070
2112
2164
2236
2292
2362
2412
2461
2493
2522
2534
2526
2515
2476
2437
2388
2345
2285
2228
2176
2128
2087
2043
2013
1981
1958
1937
1931
1917
1912
1907
1914
1911
1923
1935
1952
1969
1981
1996
2020
2029
2048
2054
2075
2081
2077
2076
2071
2073
2069
2053
2038
2037
2027
2008
1991
1991
1965
1961
1955
1954
1940
1943
1937
1938
1939
1943
1937
1952
1954
1944
1969
1966
1968
1978
1982
1979
1989
1988
1997
1996
2000
2000
1998
2002
2008
