1920
1951
1961
1974
1985
2002
1999
2003
2001
2000
1992
1998
2046
2230
2416
2416
2257
2087
1982
1952
1946
1965
2007
2054
2060
2032
1995
1960
1953
1959
1965
1991
2001
2013
2012
2012
1994
1992
2022
2177
2369
2411
2273
2093
1965
1900
1888
1949
2041
2091
2085
2041
1988
1951
1954
1959
1971
2001
2007
2012
2012
2015
2001
1996
2024
2170
2377
2426
2304
2128
1997
1945
1938
1956
2015
2062
2077
2047
2001
1964
1942
1946
1965
1974
2001
2009
2013
2012
2000
2002
2060
2265
2445
2439
2268
2100
2002
1965
1950
1965
2003
2041
2055
2025
1978
1948
1957
1954
1973
1983
1989
2008
2009
2001
2000
1996
2077
2318
2460
2404
2230
2068
1985
1947
1936
1950
2005
2043
2044
2013
1976
1949
1948
1949
1974
1983
1988
2007
2004
1999
1990
1984
2051
2257
2432
2394
2225
2054
1967
1931
1925
1966
2035
2070
2055
2016
1975
1957
1945
1966
1983
1989
2005
2002
1997
1994
1988
2004
2152
2354
2405
2297
2143
2020
1966
1945
1948
2006
2044
2048
2030
1996
1957
1957
1959
1969
1985
1999
1991
2000
2003
1986
1988
2024
2169
2365
2403
2298
2142
2044
1993
1962
1959
1985
2028
2051
2032
2004
1970
1950
1957
1960
1970
1984
2005
2004
2001
1987
1988
2006
2126
2324
2421
2330
2186
2061
1997
1964
1961
1986
2029
2057
2045
2010
1967
1963
1958
1985
1990
1998
2003
1998
1989
1988
1983
2000
2119
2316
2414
2337
2184
2049
1975
1939
1954
1988
2047
2061
2049
1999
1968
1955
1954
1963
1973
2002
2006
1996
2002
1987
1988
1992
2043
2228
2401
2401
2281
2132
2023
1988
1960
1962
2002
2045
2056
2021
1984
1949
1947
1952
1965
1985
1985
2003
1994
1987
1986
1984
1992
2071
2260
2418
2394
2252
2101
2007
1979
1959
1981
2019
2050
2043
2019
1974
1958
1948
1957
1975
1996
2001
1999
2000
1997
1989
1994
2004
2135
2339
2432
2345
2166
2032
1957
1929
1951
2009
2064
2077
2043
1991
1946
1936
1952
1964
1981
1991
1994
2021
2000
1992
1993
1988
2063
2272
2455
2452
2288
2104
2000
1962
1937
1958
2005
2050
2047
2019
1972
1956
1941
1946
1960
1985
1983
2000
2001
2001
1996
1982
1983
2057
2264
2458
2449
2277
2092
1984
1943
1932
1957
2008
2051
2056
2014
1977
1927
1934
1940
1965
1984
1995
1998
1989
1993
1997
1982
1985
2043
2254
2443
2429
2250
2064
1949
1918
1916
1970
2041
2088
2077
2022
1970
1941
1940
1954
1969
1986
1996
2003
2014
2001
1996
1988
2031
2227
2462
2467
2309
2092
1977
1928
1928
1963
2015
2067
2060
2034
1979
1948
1933
1947
1967
1986
2004
1999
2000
2015
2151
2353
2403
2281
2100
1942
1858
1860
1925
2038
2105
2085
2035
1977
1938
1933
1947
1977
1984
1998
2001
2001
1992
1998
1987
1997
1988
1997
1977
2052
2270
2496
2484
2299
2082
1962
1932
1943
1973
2032
2073
2080
2035
1991
1950
1943
1948
1971
2008
2000
2009
2008
2013
1993
1995
2056
2253
2437
2412
2245
2046
1933
1912
1912
1976
2043
2087
2065
2022
1974
1946
1943
1954
1973
1999
2004
2004
2013
2007
2007
2001
2084
2322
2496
2444
2252
2067
1972
1945
1936
1978
2037
2071
2061
2024
1974
1951
1943
1956
1973
1989
2004
2005
2009
1995
1994
1989
2049
2269
2468
2471
2295
2103
1999
1950
1940
1953
2011
2057
2059
2023
1983
1947
1944
1960
1973
1982
1995
2006
2008
1989
1980
1991
2076
2309
2449
2403
2217
2049
1953
1911
1918
1965
2033
2071
2056
2000
1962
1929
1933
1961
1976
1987
1997
1992
2006
1997
1988
1987
2037
2238
2441
2472
2319
2138
2024
1977
1956
1947
1997
2041
2047
2028
1981
1948
1953
1956
1968
1974
1994
1998
2002
1992
1998
1986
1981
2029
2222
2441
2475
2336
2157
2042
1994
1948
1932
1981
2022
2050
2027
1985
1960
1938
1952
1967
1982
1994
2009
1997
1998
1985
1976
1984
1999
2138
2364
2451
2364
2173
2042
1972
1936
1925
1977
2027
2052
2039
1984
1947
1941
1952
1964
1976
1990
1996
1993
1995
1989
1992
1991
1989
2061
2285
2467
2449
2282
2120
2024
1990
1950
1948
1976
2033
2032
2014
1980
1944
1941
1948
1959
1987
1988
1990
1988
1994
1984
1988
1982
1982
2059
2283
2467
2445
2282
2096
2018
1979
1949
1951
1984
2037
2044
2030
1986
1952
1947
1953
1971
1978
1990
2003
1999
2001
1994
1984
1977
1995
2086
2325
2454
2379
2205
2046
1958
1931
1927
1965
2025
2063
2052
2012
1971
1956
1950
1963
1971
1988
2000
1999
2000
2004
1988
1990
1973
2017
2196
2423
2474
2340
2163
2034
1986
1964
1961
1983
2026
2057
2039
2002
1947
1941
1941
1962
1985
1980
1994
1997
1987
1994
1988
1981
1978
2053
2276
2449
2434
2265
2095
2003
1961
1953
1959
2002
2049
2046
2029
1990
1951
1954
1958
1972
1983
1996
1997
2011
2005
1995
1987
2006
2132
2352
2447
2346
2167
2004
1939
1931
1935
1995
2059
2079
2043
1992
1947
1933
1944
1970
1983
2000
2003
2005
2000
1998
1989
1989
2075
2312
2485
2434
2256
2088
1996
1965
1941
1957
1995
2047
2042
2013
1980
1950
1940
1955
1968
1981
1986
1990
2008
2000
1994
1991
2050
2271
2461
2449
2278
2085
1992
1952
1925
1948
2006
2059
2066
2030
1986
1942
1942
1956
1977
1992
2005
2013
1993
1988
1971
2008
2187
2403
2457
2341
2134
2001
1940
1907
1930
2000
2053
2075
2037
1978
1941
1934
1947
1967
1988
1997
1990
2002
1994
1994
1990
2104
2359
2500
2432
2251
2068
1984
1959
1929
1954
2012
2052
2044
2009
1960
1937
1937
1952
1968
1984
2000
1998
1996
1994
1980
2018
2200
2432
2483
2339
2134
2007
1956
1915
1932
1985
2045
2060
2037
1988
1942
1939
1948
1955
1977
1998
1997
1994
1987
1994
2019
2216
2427
2456
2314
2111
1982
1918
1900
1924
1998
2058
2059
2026
1977
1943
1925
1938
1958
1981
1989
1996
1998
2002
1984
1990
2113
2361
2507
2429
2232
2058
1963
1949
1927
1955
