2053
2060
2068
2066
2061
2049
2063
2045
2062
2050
2070
2038
2047
2062
2061
2048
2044
2075
2069
2055
2048
2068
2060
2068
2042
2059
2066
2043
2060
2058
2064
2051
2065
2045
2059
2044
2086
2053
2046
2065
2057
2060
2061
2060
2044
2064
2066
2052
2035
2070
2059
2068
2048
2039
2063
2072
2070
2046
2064
2047
2073
2053
2057
2049
2053
2056
2046
2055
2052
2079
2053
2069
2050
2053
2050
2061
2062
2058
2066
2056
2070
2039
2058
2055
2078
2056
2049
2061
2058
2059
2048
2056
2035
2062
2054
2073
2063
2063
2059
2067
2046
2057
2060
2047
2056
2055
2071
2058
2073
2042
2051
2069
2062
2059
2049
2065
2060
2069
2046
2058
2044
2047
2058
2053
2062
2060
2069
2047
2064
2048
2053
2045
2062
2059
2064
2055
2058
2072
2046
2063
2054
2067
2052
2068
2050
2054
2056
2057
2060
2047
2062
2037
2074
2060
2078
2055
2058
2064
2052
2036
2056
2073
2057
2063
2055
2060
2026
2069
2064
2051
2051
2064
2071
2059
2074
2055
2068
2041
2059
2042
2059
2067
2065
2071
2047
2068
2039
2060
2044
2058
2046
2018
1924
2375
2254
941
226
905
1961
1935
1971
2411
3199
3877
3876
3464
3037
3877
3517
2364
1899
1908
1996
2062
2185
2237
2137
2086
2099
2042
1920
1951
1820
1540
1311
1529
2480
3205
2918
2377
2075
1940
1734
1470
619
642
1342
2461
2548
2289
2347
2523
2242
2469
2333
2227
2247
2142
2010
1980
1961
1896
1965
2146
2172
2157
2146
2065
1995
2028
2109
2108
2043
2053
2112
1545
0
2942
3878
3123
1876
1391
1825
2421
2296
2063
2020
2044
1705
2136
1393
2989
2540
1997
1947
2066
1949
0
0
0
3878
3876
3879
2282
1495
1971
2339
2296
2172
2137
2121
2057
2012
1880
1167
0
0
0
0
0
3226
2565
1205
2010
2667
2291
1633
1937
2734
1991
1671
1405
0
0
2169
3879
3879
3878
3879
3878
3879
3878
3878
2554
0
0
3878
2390
0
0
3878
3878
3756
1889
1633
1917
2087
2076
2051
2056
2087
2086
2115
2137
2096
2171
2049
1940
1884
1932
2055
2092
2078
2160
2153
1962
1977
2157
0
0
3878
3544
0
0
0
0
0
0
0
0
0
0
0
0
0
3879
3881
3880
3881
3881
3880
3882
3881
3880
3880
3881
3881
3880
3880
3879
3880
3878
1876
0
262
1732
2025
1964
1821
1774
1870
1967
1962
1917
1945
1962
1992
1965
1970
1973
2000
1985
2006
2016
2011
2009
1987
2010
2023
1970
2015
2044
1985
2020
2071
2040
2017
2020
2041
2035
2035
2029
2038
2035
2064
2034
2020
2046
2049
2050
2040
2061
2015
2056
2061
2052
2037
2031
2058
2052
2062
2029
2055
2045
2053
2027
2052
2055
2050
2045
2048
2057
2042
2056
2053
2064
2040
2048
2061
2056
2049
2060
2061
2035
2059
2052
2054
2017
2058
2041
2070
2051
2058
2067
2052
2051
2050
2071
2040
2052
2041
2059
2046
2063
2050
2044
2077
2062
2045
2031
2068
2035
2063
2049
2070
2058
2065
2037
2035
2055
2043
2077
2044
2062
2046
2058
2050
2063
2055
2068
2052
2038
2061
2047
2061
2036
2054
2053
2076
2048
2063
2080
2054
2064
2045
2063
2046
2064
2045
2052
2052
2052
2064
2066
2064
2029
2049
2050
2077
2058
2068
2043
2046
2053
2066
2055
2048
2068
2036
2063
2037
2074
2057
2065
2054
2061
2051
2052
2061
2036
2058
2058
2062
2041
2052
2051
2066
2059
2066
2065
2041
2059
2047
2068
2032
2051
2063
2077
2052
2054
2065
2036
2076
2054
2063
2044
2069
2040
2049
2061
2042
2056
2046
2071
2053
2064
2042
2063
2054
2072
2055
2056
2066
2049
2058
2046
2051
2062
2074
2035
2061
2050
2050
2067
2067
2056
2031
2064
2044
2056
2049
2073
2057
2069
2065
2054
2055
2051
2058
2053
2077
2043
2065
2053
2064
2061
2062
2036
2056
2065
2043
2068
2047
2062
2056
2071
2054
2055
2055
2057
2064
2034
2063
2058
2062
2042
2078
2049
2058
2053
2042
2053
2045
2063
2067
2064
2049
2051
2022
2077
2073
2058
2064
2046
2052
2052
2071
2044
2065
2042
2066
2050
2049
2060
2055
2069
2047
2073
2042
2064
2044
2051
2059
2038
2071
2054
2069
2051
2053
2028
2089
2065
2046
2053
2058
2053
2050
2060
2042
2072
2047
2061
2053
2056
2054
2059
2071
2041
2058
2039
2069
2054
2082
2047
2059
2058
2060
2051
2041
2056
2037
2064
2054
2070
2044
2064
2047
2058
2061
2063
2060
2042
2054
2053
2065
2051
2076
2049
2061
2035
2058
2085
2052
2060
2052
2067
2046
2064
2035
2061
2056
2066
2060
2047
2067
2040
2057
2054
2072
2039
2060
2053
2064
2058
2052
2057
2061
2073
2060
2065
2034
2074
2073
2108
2179
3877
3879
3879
3878
3878
0
0
0
0
1163
2512
2309
2001
1973
2053
2058
2059
2028
2056
2043
2052
2053
2073
2051
2052
2056
2026
2068
2056
2070
2034
2037
2020
2061
2055
2058
2054
2057
2052
2052
2059
2041
2078
2050
2052
2035
2075
2060
2051
2070
2060
2048
2056
2062
2039
2054
2032
2074
2047
2058
2044
2049
2086
2056
2049
2036
2064
2045
2059
2038
2089
2066
2061
2047
2059
2059
2045
2054
2046
2062
2036
2060
2035
2074
2071
2062
2061
2049
2049
2052
2071
2061
2067
2019
2056
2052
2055
2042
2056
2068
2045
2060
2051
2068
2038
2056
2056
2057
2046
2069
2072
2051
2048
2030
2070
2059
2066
2026
2064
2052
2075
2057
2053
2070
2041
2055
2045
2068
2050
2066
2037
2061
2058
2057
2054
2050
2060
2054
2071
2056
2076
2046
2058
2045
2076
2049
2043
2061
2056
2066
2053
2066
2050
2062
2052
2049
2045
2055
2058
2044
2055
2048
2074
2055
2074
2062
2063
2046
2062
2047
2060
2068
2049
2058
2029
2065
2053
2071
2058
2069
2058
2045
2068
2053
2051
2047
2060
2043
2065
2045
2058
2047
2062
2069
2033
2071
2057
2071
2043
2061
2032
2074
2069
2049
2048
2047
2064
2062
2076
2042
2056
2047
2062
2049
2059
2054
2047
2063
2046
2072
2050
2073
2042
2066
2053
2040
2065
2063
2061
2036
2045
2054
2069
2042
2062
2047
2062
2072
2065
2061
2053
2066
2040
2066
2048
2062
2053
2056
2051
2046
2068
2043
2055
2050
2068
2047
2047
2067
2066
2047
2051
2071
2048
2064
2043
2069
2055
2055
2054
2063
2067
2057
2051
2046
2072
2046
2059
2047
2066
2057
2058
2057
2051
2068
2043
2070
2057
2054
2057
2067
2054
2047
2058
2064
2066
2050
2057
2042
2072
2033
2059
2047
2049
2053
2067
2074
2040
2063
2048
2072
2049
2064
2041
2066
2079
2051
2055
2046
2051
2052
2076
2042
2057
2042
2050
2061
2059
2053
2061
2069
2052
2057
2056
2065
2041
2054
2055
2043
2065
2054
2068
2049
2059
2027
2084
2060
2048
2061
2056
2051
2049
2067
2054
2060
2042
2064
2051
2072
2062
2054
2060
2060
2061
2051
2059
2041
2067
2053
2039
2055
2068
2047
2056
2065
2051
2051
2060
2075
2029
2063
2057
2060
2045
2051
2063
2054
2072
2047
2062
2047
2051
2049
2080
2056
2046
2049
2056
2069
2058
2060
2052
2075
2034
2062
2038
2047
2060
2066
2069
2050
2047
2045
2072
2043
2064
2058
2064
2054
2048
2054
2053
2068
2037
2071
2043
2061
2056
2059
2057
2049
2041
2067
2082
2053
2043
2037
2053
2055
2057
2065
2059
2041
2036
2092
2046
2069
2065
2073
2048
2058
2037
2053
2064
2056
2065
2025
2077
2057
2067
2045
2054
2054
2053
2050
2043
2072
2044
2068
2047
2068
2049
2058
2051
2050
2064
2048
2057
2054
2070
2047
2060
2046
2069
2050
2081
2061
2029
2067
2050
2060
2043
2074
2037
2075
2044
2059
2052
2067
2057
2054
2065
2049
2061
2048
2071
2046
2064
2047
2047
2052
2069
2045
2042
2074
2059
2060
2043
2045
2064
2066
2042
2053
2061
2041
2064
2051
2073
2058
2063
2049
2061
2053
2053
2057
2056
2065
2042
2063
2051
2064
2049
2061
2032
2057
2073
2055
2058
2025
2064
2072
2060
2033
2056
2061
2057
2054
2052
2059
2048
2057
2040
2061
2040
2066
2058
2073
2061
2040
2067
2062
2061
2033
2067
2036
2071
2067
2067
2046
2047
2044
2052
2080
2045
2073
2039
2050
2045
2065
2045
2058
2064
2049
2054
2033
2066
2056
2069
2046
2047
2055
2068
2042
2046
2066
2036
2059
2048
2067
2050
2065
2042
2043
2061
2061
2059
2044
2060
2057
2057
2037
2068
2044
2068
2058
2061
2053
2045
2061
2060
2038
2046
2079
2038
2063
2043
2079
2059
2051
2052
2053
2072
2050
2066
2052
2062
2047
2064
2045
2061
2047
2048
2066
2057
2063
2037
2072
2042
2060
2054
2070
2030
2068
2064
2050
2058
2052
2055
2053
2072
2041
2064
2050
2061
2049
2053
2053
2050
2056
2060
2091
2044
2055
2034
2059
2050
2044
2055
2065
2060
2047
2066
2051
2063
2042
2068
2048
2073
2037
2058
2082
2059
2046
2047
2066
2045
2063
2036
2066
2059
2068
2043
2042
2042
2058
2064
2056
2056
2057
2061
2044
2058
2056
2069
2050
2046
2057
2051
2059
2041
2074
2052
2060
2043
2068
2039
2070
2059
2053
2058
2059
2068
2036
2071
2054
2069
2047
2055
2030
2066
2057
2047
2064
2042
2047
2062
2075
2041
2060
2042
2056
2060
2068
2053
2048
2042
2058
2066
2034
2077
2047
2064
2049
2061
2043
2044
2066
2065
2075
2043
2061
2041
2072
2051
2072
2036
2051
2061
2067
2062
2053
2064
2051
2046
2033
2065
2059
2061
2055
2054
2054
2061
2064
2052
2041
2043
2084
2054
2056
2047
2050
2066
2053
2051
2042
2068
2047
2074
2040
2056
2048
2062
2047
2049
2065
2048
2060
2059
2064
2024
2067
2045
2062
2059
2050
2047
2063
2070
2051
2074
2049
2051
2038
2066
2060
2060
2050
2036
2062
2058
2071
2040
2066
2048
2061
2045
2056
2061
2051
2068
2029
2073
2062
2064
2037
2038
2067
2079
2042
2054
2058
2036
2064
2050
2068
2048
2065
2047
2050
2055
2061
2054
2041
2066
2048
2075
2045
2071
2060
2051
2057
2058
2054
2033
2067
2061
2071
2038
2068
2041
2053
2053
2057
2066
2046
2060
2046
2071
2038
2062
2044
2053
2053
2062
2061
2064
2038
2042
2076
2044
2051
2062
2072
2064
2049
2050
2041
2065
2049
2065
2058
2065
2035
2065
2042
2042
2064
2053
2056
2042
2079
2049
2056
2043
2082
2052
2042
2036
2057
2063
2053
2065
2035
2052
2058
2064
2046
2064
2057
2064
2057
2044
2049
2054
2072
2034
2048
2056
2066
2056
2054
2064
2059
2061
2025
2068
2045
2075
2043
2068
2068
2046
2041
2058
2064
2047
2081
2039
2056
2037
2043
2066
2072
2057
2049
2060
2035
2057
2036
2077
2045
2056
2055
2037
2076
2059
2074
2059
2057
2022
2072
2044
2056
2056
2065
2047
2064
2068
2045
2064
2042
2061
2045
2055
2057
2032
2061
2061
2054
2038
2072
2045
2073
2058
2056
2049
2051
2064
2059
2058
2034
2068
2054
2061
2051
2071
2048
2055
2056
2046
2057
2042
2069
2038
2054
2048
2065
2043
2054
2051
2038
2069
2056
2071
2048
2045
2061
2076
2059
2043
2058
2036
2053
2047
2071
2053
2061
2032
2078
2066
2052
2057
2046
2072
2052
2060
2033
2065
2042
2068
2047
2054
2050
2062
2077
2035
2051
2052
2078
2055
2060
2043
2041
2045
2073
2068
2043
2043
2046
2044
2072
2054
2056
2073
2049
2061
2064
2033
2044
2037
2077
2059
2067
2046
2032
2048
2059
2069
2063
2055
2031
2066
2053
2052
2055
2074
2051
2058
2072
2038
2058
2047
2060
2048
2049
2049
2068
2038
2057
2072
2054
2063
2039
2074
2051
2060
2044
2049
2041
2075
2074
2053
2066
2053
2060
2030
2073
2049
2051
2040
2057
2065
2053
2063
2035
2066
2055
2055
2044
2068
2048
2050
2069
2057
2051
2037
2063
2056
2051
2056
2062
2049
2042
2053
2042
2058
2055
2068
2047
2065
2041
2048
2042
2080
2067
2056
2054
2033
2063
2062
2076
2038
2057
2050
2054
2051
2059
2058
2048
2062
2031
2081
2065
2065
2030
2063
2040
2055
2072
2045
2060
2050
2054
2046
2059
2047
2073
2064
2035
2058
2049
2057
2012
2081
2049
2066
2060
2062
2061
2061
2025
2051
2072
2024
2091
2066
2053
2037
2066
2063
2049
2059
2051
2045
2048
2064
2039
2069
2050
2055
2060
2062
2045
2046
2058
2040
2054
2058
2078
2050
2065
2045
2044
2066
2060
2063
2042
2056
2035
2066
2056
2057
2049
2052
2051
2044
2077
2065
2057
2027
2070
2045
2068
2042
2051
2050
2062
2053
2048
2064
2048
2072
2054
2058
2049
2066
2041
2058
2055
2058
2068
2041
2067
2047
2056
2044
2051
2057
2060
2057
2062
2064
2048
2064
2051
2062
2056
2055
2033
2058
2070
2056
2052
2050
2064
2042
2062
2051
2063
2041
2056
2058
2050
2062
2049
2055
2036
2085
2054
2051
2040
2049
2053
2053
2065
2053
2057
2046
2066
2051
2052
2037
2059
2052
2059
2052
2055
2071
2047
2057
2038
2070
2039
2059
2055
2053
2050
2062
2056
2054
2065
2036
2058
2045
2060
2048
2050
2060
2047
2056
2057
2070
2052
2070
2050
2060
2042
2070
2065
2047
2059
2041
2070
2048
2057
2041
2064
2042
2055
2041
2065
2069
2047
2065
2043
2056
2057
2073
2040
2051
2033
2068
2062
2040
2050
2047
2083
2050
2053
2042
2068
2038
2067
2053
2032
2055
2064
2061
2046
2064
2034
2071
2048
2078
2059
2053
2036
2053
2079
2052
2053
2027
2084
2055
2057
2047
2062
2047
2063
2064
2044
2049
2037
2061
2045
2078
2049
2070
2052
2050
2072
2063
2055
2039
2070
2042
2062
2038
2072
2061
2054
2051
2059
2045
2060
2070
2052
2075
2051
2051
2046
2052
2054
2063
2068
2057
2051
2057
2065
2026
2061
2062
2072
2052
2057
2043
2066
2063
2032
2046
2041
2065
2051
2069
2044
2059
2045
2049
2048
2056
2078
2040
2056
2055
2074
2051
2047
2031
2078
2058
2066
2061
2045
2058
2054
2065
2023
2066
2060
2062
2057
2059
2049
2049
2067
2047
2046
2048
2067
2049
2060
2056
2053
2062
2052
2068
2049
2054
2052
2079
2041
2045
2041
2060
2061
2064
2062
2058
2059
2039
2062
2051
2065
2050
2053
2041
2047
2074
2061
2063
2052
2065
2032
2065
2035
2075
2066
2049
2059
2048
2063
2052
2057
2051
2054
2038
2068
2047
2059
2065
2051
2055
2049
2059
2052
2059
2051
2060
2018
2070
2064
2066
2044
2051
2049
2040
2078
2048
2061
2044
2056
2060
2067
2050
2035
2082
2072
2056
2026
2056
2030
2060
2047
2076
2056
2050
2055
2047
2054
2042
2085
2069
2053
2045
2047
2046
2055
2068
2055
2059
2043
2047
2044
2068
2053
2062
2044
2053
2048
2068
2066
2037
2058
2048
2079
2044
2064
2035
2062
2050
2033
2071
2066
2059
2036
2051
2047
2082
2057
2063
2043
2076
2054
2050
2035
2060
2067
2046
2060
2031
2063
2058
2062
2042
2055
2060
2049
2056
2058
2078
2040
2058
2051
2068
2037
2056
2052
2042
2069
2060
2063
2041
2051
2040
2065
2046
2061
2048
2052
2064
2056
2052
2042
2050
2040
2067
2041
2077
2068
2061
2041
2039
2048
2078
2061
2049
2070
2050
2045
2047
2092
2057
2047
2055
2054
2059
2035
2059
2048
2077
2048
2051
2042
2063
2058
2063
2060
2032
2075
2050
2064
2046
2058
2033
2073
2060
2060
2054
2047
2056
2047
2056
2054
2076
2037
2054
2049
2057
2062
2043
2055
2051
2059
2047
2068
2050
2070
2051
2042
2051
2051
2059
2044
2075
2048
2061
2058
2063
2050
2048
2059
2040
2061
2055
2065
2045
2067
2048
2054
2042
2053
2059
2063
2046
2046
2070
2052
2055
2042
2059
2064
2068
2052
2024
2058
2056
2069
2049
2066
2042
2059
2041
2057
2063
2056
2044
2050
2077
2044
2064
2047
2067
2068
2065
2046
2063
2063
2028
2057
2050
2059
2036
2066
2054
2057
2056
2074
2070
2040
2070
2043
2057
2047
2060
2036
2053
2053
2063
2057
2041
2057
2048
2070
2033
2054
2056
2072
2064
2055
2051
2049
2046
2037
2069
2053
2077
2043
2062
2044
2042
2059
2055
2067
2040
2076
2047
2053
2052
2055
2042
2045
2064
2067
2063
2066
2069
2027
2064
2059
2061
2046
2062
2055
2043
2049
2048
2075
2055
2050
2035
2077
2049
2046
2055
2048
2064
2049
2060
2039
2071
2053
2051
2055
2069
2051
2043
2078
2061
2059
2051
2053
2037
2045
2043
2065
2060
2055
2066
2042
2068
2045
2064
2054
2065
2050
2057
2043
2075
2067
2045
2052
2032
2072
2049
2066
2040
2059
2050
2050
2055
2051
2062
2058
2057
2035
2047
2065
2071
2041
2055
2054
2061
2061
2051
2068
2044
2061
2029
2076
2066
2047
2035
2062
2057
2048
2049
2047
2069
2047
2069
2044
2054
2049
2063
2050
2066
2059
2037
2060
2042
2069
2053
2055
2042
2061
2061
2069
2059
2042
2060
2049
2069
2040
2054
2043
2071
2062
2053
2064
2047
2043
2046
2064
2047
2064
2043
2052
2059
2063
2065
2052
2060
2054
2053
2048
2070
2048
2049
2049
2060
2069
2056
2059
2035
2065
2053
2063
2036
2063
2053
2054
2056
2060
2054
2050
2061
2042
2065
2045
2071
2060
2063
2031
2058
2048
2056
2070
2038
2053
2055
2064
2062
2072
2039
2055
2037
2054
2073
2041
2063
2050
2067
2044
2057
2046
2071
2040
2061
2065
2025
2069
2072
2058
2023
2060
2049
2077
2062
2060
2058
2052
2041
2040
2075
2047
2066
2054
2065
2037
2056
2053
2065
2071
2046
2072
2047
2052
2028
2068
2039
2060
2064
2051
2055
2057
2065
2039
2078
2058
2070
2037
2057
2043
2058
2058
2038
2046
2057
2084
2040
2057
2044
2070
2033
2049
2056
2049
2057
2062
2064
2034
2051
2071
2081
2033
2058
2047
2040
2064
2062
2056
2061
2066
2024
2060
2057
2055
2057
2054
2053
2062
2068
2046
2055
2050
2078
2044
2068
2046
2052
2070
2044
2054
2068
2059
2022
2065
2050
2066
2040
2056
2057
2064
2068
2061
2057
2043
2057
2038
2060
2050
2065
2050
2051
2060
2047
2078
2064
2048
2042
2066
2045
2039
2060
2065
2052
2045
2072
2046
2070
2054
2068
2050
2068
2045
2055
2051
2054
2057
2033
2067
2051
2062
2040
2056
2058
2057
2053
2039
2067
2058
2056
2034
2067
2041
2074
2056
2057
2057
2065
2045
2061
2052
2036
2066
2050
2056
2045
2067
2051
2054
2063
2054
2057
2057
2071
2040
2062
2053
2046
2063
2068
2056
2037
2057
2046
2064
2045
2058
2043
2059
2042
2064
2064
2056
2045
2048
2060
2038
2076
2044
2070
2040
2069
2049
2068
2053
2040
2046
2039
2067
2052
2074
2048
2064
2056
2064
2058
2039
2050
2055
2066
2055
2067
2041
2081
2038
2061
2037
2070
2079
2046
2049
2050
2074
2030
2057
2054
2064
2046
2065
2038
2053
2055
2053
2075
2044
2048
2040
2063
2050
2061
2059
2065
2050
2039
2057
2053
2071
2043
2047
2058
2076
2047
2041
2050
2051
2077
2060
2053
2041
2074
2049
2062
2036
2048
2044
2047
2058
2063
2044
2043
2062
2045
2076
2056
2042
2059
2080
2044
2039
2056
2064
2067
2057
2063
2044
2049
2053
2060
2043
2044
2071
2048
2056
2045
2078
2045
2059
2050
2066
2040
2063
2051
2054
2065
2045
2081
2045
2053
2034
2065
2047
2064
2054
2060
2064
2043
2052
2038
2061
2036
2089
2047
2057
2044
2058
2055
2064
2056
2035
2065
2050
2061
2027
2062
2051
2045
2057
2072
2062
2033
2049
2044
2076
2046
2074
2041
2065
2058
2038
2061
2062
2052
2053
2065
2040
2056
2056
2071
2034
2059
2040
2066
2056
2041
2060
2058
2056
2048
2069
2052
2065
2038
2043
2061
2064
2055
2044
2083
2053
2060
2048
2076
2052
2055
2047
2055
2061
2046
2061
2055
2062
2033
2068
2049
2056
2040
2067
2059
2047
2066
2046
2076
2034
2068
2067
2072
2043
2066
2044
2050
2054
2046
2053
2049
2074
2046
2057
2024
2060
2052
2060
2060
2055
2065
2053
2064
2035
2056
2035
2085
2060
2052
2045
2052
2055
2066
2051
2047
2063
2053
2055
2052
2072
2039
2057
2043
2063
2057
2058
2067
2042
2049
2040
2057
2047
2070
2050
2054
2053
2043
2071
2062
2053
2037
2069
2043
2048
2054
2081
2056
2049
2061
2055
2057
2049
2060
2043
2057
2034
2066
2052
2058
2049
2041
2063
2059
2068
2037
2058
2038
2064
2039
2073
2058
2047
2042
2051
2071
2049
2052
2036
2061
2034
2067
2061
2062
2058
2038
2060
2039
2072
2052
2064
2034
2060
2046
2071
2060
2057
2048
2041
2059
2071
2070
2030
2066
2048
2059
2044
2064
2056
2057
2060
2046
2044
2054
2062
2042
2065
2038
2057
2070
2054
2049
2057
2071
2033
2070
2047
2063
2067
2066
2043
2052
2064
2053
2064
2046
2060
2053
2071
2042
2064
2050
2064
2050
2061
2079
2045
2050
2025
2049
2064
2066
2033
2057
2055
2055
2043
2052
2066
2043
2055
2042
2061
2046
2073
2043
2058
2051
2040
2073
2061
2071
2050
2066
2021
2066
2060
2048
2045
2057
2047
2054
2078
2048
2048
2024
2065
2074
2065
2058
2052
2056
2065
2062
2037
2064
2033
2067
2065
2052
2058
2059
2060
2060
2064
2042
2060
2038
2068
2042
2060
2047
2058
2064
2049
2052
2047
2070
2043
2059
2045
2065
2060
2055
2051
2050
2063
2054
2059
2041
2054
2046
2064
2050
2047
2067
2050
2068
2041
2053
2049
2072
2042
2041
2053
2067
2062
2057
2050
2033
2076
2054
2062
2035
2053
2040
2068
2063
2048
2058
2037
2056
2046
2065
2055
2061
2045
2048
2071
2061
2054
2037
2047
2056
2066
2068
2076
2067
2054
2064
2059
2044
2065
2086
2042
2061
2031
2060
2072
2076
2067
2031
2055
2061
2066
2031
2058
2063
2078
2057
2054
2074
2080
2099
2116
2237
2580
3071
2985
1903
1653
3352
3877
3876
3877
3118
1766
1817
2099
2122
1701
0
0
3876
3731
0
0
0
0
1988
2570
2185
1975
1998
2058
2048
2049
2024
2075
2037
2058
2041
2054
2054
2065
2053
2053
2053
2026
2067
2066
2062
2044
2052
2056
2044
2055
2051
2059
2051
2052
2037
2059
2035
2065
2041
2043
2059
2049
2055
2053
2068
2035
2058
2056
2067
2056
2045
2051
2052
2058
2049
2060
2038
2046
2062
2061
2049
2051
2049
2037
2066
2043
2049
2036
2059
2055
2054
2045
2063
2063
2042
2066
2051
2063
2059
2076
2058
2068
2039
2042
2071
2069
2073
2038
2050
2025
2070
2071
2055
2039
2044
2064
2053
2061
2045
2075
2032
2063
2054
2053
2047
2055
2062
2061
2060
2050
2080
2024
2063
2045
2053
2047
2060
2073
2051
2050
2035
2069
2042
2067
2042
2056
2060
2053
2055
2045
2076
2052
2062
2030
2072
2056
2058
2057
2056
2046
2061
2068
2043
2071
2059
2065
2037
2061
2059
2062
2041
2051
2069
2042
2052
2051
2077
2034
2053
2063
2066
2056
2039
2052
2043
2085
2047
2056
2052
2064
2044
2059
2048
2056
2061
2029
2069
2066
2068
2047
2068
2036
2036
2049
2049
2060
2045
2070
2032
2054
2045
2072
2059
2054
2063
2058
2068
2047
2053
2049
2066
2041
2039
2055
2076
2068
2050
2055
2037
2077
2047
2076
2045
2064
2060
2064
2043
2056
2059
2038
2050
2060
2074
2041
2058
2057
2035
2048
2052
2066
2045
2065
2043
2052
2049
2058
2056
2054
2052
2051
2045
2053
2068
2040
2052
2044
2077
2060
2057
2048
2046
2033
2044
2079
2050
2068
2046
2061
2063
2079
2048
2048
2047
2044
2064
2050
2056
2039
2068
2057
2057
2048
2047
2049
2045
2063
2032
2065
2045
2071
2060
2057
2034
2061
2064
2056
2055
2042
2056
2036
2069
2052
2063
2041
2053
2066
2051
2055
2059
2068
2048
2054
2041
2073
2046
2049
2043
2053
2060
2050
2061
2056
2070
2026
2068
2067
2064
2047
2059
2050
2037
2052
2044
2060
2045
2056
2051
2075
2048
2060
2044
2055
2069
2041
2048
2051
2068
2052
2054
2056
2082
2057
2055
2043
2041
2063
2054
2063
2050
2069
2038
2067
2048
2057
2037
2075
2042
2049
2070
2044
2061
2052
2066
2044
2061
2054
2071
2038
2013
2077
2083
2055
2031
2058
2039
2067
2038
2045
2043
2075
2063
2047
2060
2050
2061
2039
2067
2044
2050
2045
2075
2060
2055
2040
2028
2086
2062
2053
2022
2055
2037
2081
2068
2075
2049
2029
2037
2068
2069
2038
2041
2051
2070
2034
2065
2044
2047
2063
2057
2057
2045
