-7.200000
-7.121108
-7.253569
-8.015898
-8.527892
-8.788803
1.451136
32.395470
76.273323
103.503799
94.441620
55.884541
7.084449
-33.406391
-55.301453
-52.954479
-31.564676
-10.906607
-1.121276
-11.433198
-37.899216
-69.579079
-96.586067
-108.391068
-112.664581
-105.004272
-95.225662
-96.619003
-92.126930
-24.307049
160.346878
358.176514
415.004486
306.715759
109.796303
-69.000000
-174.675934
-203.484558
-162.264786
-86.389458
-21.952250
-3.739546
-28.276583
-68.253792
-103.804550
-119.886757
-119.805313
-107.633110
-90.098946
-78.447006
-69.374847
-56.564251
-11.212757
89.330292
180.779510
195.187576
135.269714
52.085220
-9.982630
-38.402721
-43.802692
-32.650352
-17.035671
-5.371271
-1.741363
-3.892184
-7.871901
-10.720057
-11.710577
-11.213699
